##FastQC	0.12.1
>>Basic Statistics	pass
#Measure	Value
Filename	HG01791.GRCh38DH.exome.chr21.fq.gz
File type	Conventional base calls
Encoding	Sanger / Illumina 1.9
Total Sequences	1301925
Total Bases	117.1 Mbp
Sequences flagged as poor quality	0
Sequence length	90
%GC	45
>>END_MODULE
>>Per base sequence quality	pass
#Base	Mean	Median	Lower Quartile	Upper Quartile	10th Percentile	90th Percentile
1	26.89790656143787	27.0	27.0	27.0	27.0	27.0
2	27.186175854983965	27.0	27.0	27.0	27.0	33.0
3	25.74985194999712	27.0	27.0	27.0	22.0	27.0
4	29.51775025443094	27.0	27.0	33.0	27.0	33.0
5	30.883535533920924	33.0	27.0	33.0	27.0	33.0
6	31.57956180271521	33.0	27.0	33.0	27.0	37.0
7	31.585329416056993	33.0	27.0	33.0	27.0	37.0
8	31.259630931121226	33.0	27.0	33.0	27.0	33.0
9	31.354472031799066	33.0	27.0	33.0	27.0	33.0
10-11	31.317871613188164	33.0	27.0	33.0	27.0	33.0
12-13	31.31262476717169	33.0	27.0	33.0	27.0	33.0
14-15	31.208821168654108	33.0	27.0	33.0	27.0	33.0
16-17	31.19039499203103	33.0	27.0	33.0	27.0	33.0
18-19	31.1799850221787	33.0	27.0	33.0	27.0	33.0
20-21	31.085621291549053	33.0	27.0	33.0	27.0	33.0
22-23	31.087402500144016	33.0	27.0	33.0	27.0	33.0
24-25	31.106214259653974	33.0	27.0	33.0	27.0	33.0
26-27	31.03161702863068	33.0	27.0	33.0	27.0	33.0
28-29	30.988646811452274	33.0	27.0	33.0	27.0	33.0
30-31	31.04857269043916	33.0	27.0	33.0	27.0	33.0
32-33	31.011134665975383	33.0	27.0	33.0	27.0	33.0
34-35	31.011902375328837	33.0	27.0	33.0	27.0	33.0
36-37	30.91453885592488	33.0	27.0	33.0	27.0	33.0
38-39	30.86101503542831	33.0	27.0	33.0	27.0	33.0
40-41	30.75795456727538	33.0	27.0	33.0	27.0	33.0
42-43	30.663818192292183	33.0	27.0	33.0	27.0	33.0
44-45	30.56135645294468	33.0	27.0	33.0	27.0	33.0
46-47	30.474109875760895	33.0	27.0	33.0	27.0	33.0
48-49	30.379352113216967	33.0	27.0	33.0	27.0	33.0
50-51	30.22448912187722	33.0	27.0	33.0	27.0	33.0
52-53	30.266407051097413	33.0	27.0	33.0	27.0	33.0
54-55	30.13113274574188	33.0	27.0	33.0	27.0	33.0
56-57	30.00350365804482	33.0	27.0	33.0	27.0	33.0
58-59	29.891185744186494	33.0	27.0	33.0	27.0	33.0
60-61	29.755591911976495	33.0	27.0	33.0	27.0	33.0
62-63	29.856707951686925	33.0	27.0	33.0	24.5	33.0
64-65	29.72029610000576	33.0	27.0	33.0	22.0	33.0
66-67	29.72287535764349	33.0	27.0	33.0	22.0	33.0
68-69	29.528949056205235	33.0	27.0	33.0	22.0	33.0
70-71	29.391711888165602	33.0	27.0	33.0	22.0	33.0
72-73	29.18688019663191	33.0	27.0	33.0	15.0	33.0
74-75	28.919876721009274	33.0	27.0	33.0	10.5	33.0
76-77	28.770567428999367	33.0	27.0	33.0	6.0	33.0
78-79	28.715899533383258	33.0	27.0	33.0	6.0	33.0
80-81	28.42107763504042	33.0	27.0	33.0	6.0	33.0
82-83	28.187527315321542	33.0	27.0	33.0	6.0	33.0
84-85	27.637229487105632	33.0	27.0	33.0	6.0	33.0
86-87	26.49663421472051	30.0	27.0	33.0	6.0	33.0
88-89	25.319820650191062	30.0	27.0	33.0	6.0	33.0
90	26.02399831019452	33.0	27.0	33.0	6.0	33.0
>>END_MODULE
>>Per sequence quality scores	pass
#Quality	Count
6	684.0
7	373.0
8	595.0
9	920.0
10	1624.0
11	2157.0
12	2848.0
13	3635.0
14	4457.0
15	5295.0
16	6479.0
17	7414.0
18	8480.0
19	9563.0
20	10712.0
21	12130.0
22	13742.0
23	15456.0
24	17701.0
25	21395.0
26	26437.0
27	35197.0
28	50356.0
29	78776.0
30	160778.0
31	564529.0
32	239993.0
33	199.0
>>END_MODULE
>>Per base sequence content	pass
#Base	G	A	T	C
1	20.491304334459553	28.903058009020004	28.38011909849144	22.225518558029002
2	21.999754075053218	29.04773249513914	27.182238070718796	21.77027535908885
3	21.962631542149957	27.84602394476248	28.137592877574086	22.05375163551348
4	22.306352936114106	27.187428443216376	28.10873403851503	22.397484582154487
5	22.279828574150592	27.632583819034785	28.210892517713443	21.87669508910118
6	22.525706323828633	27.579100664635302	27.188906819712777	22.70628619182329
7	22.469360730733897	27.668281712296572	27.819980275346335	22.0423772816232
8	21.98127076737316	27.897984671892782	27.915266813219226	22.20547774751483
9	21.886197396001755	27.466797140533107	28.16207742251642	22.48492804094872
10-11	22.023247168417157	27.740947614373212	27.88446619689966	22.351339020309975
12-13	21.92694130570044	27.711913229837997	27.948196001013958	22.41294946344761
14-15	21.95199791078194	27.759486451766524	27.94309953165415	22.34541610579739
16-17	21.989135297992007	27.63547753418502	27.916369830001404	22.459017337821567
18-19	22.12938436103719	27.462563533670544	27.84403444185632	22.56401766343595
20-21	22.197295552336982	27.425827793966672	27.77967896446394	22.59719768923241
22-23	22.287722079853495	27.38230766394425	27.70478819834934	22.625182057852918
24-25	22.344018673350064	27.30654750471367	27.605963424697315	22.743470397238948
26-27	22.400205252765478	27.3417500794087	27.585487738413338	22.672556929412483
28-29	22.485324369458713	27.36261904505853	27.497737779013658	22.654318806469107
30-31	22.532643674805467	27.248989211857968	27.455372061454693	22.762995051881877
32-33	22.49876414606238	27.31646272676047	27.46576386912355	22.7190092580536
34-35	22.592723761205633	27.272950758591335	27.44626404617386	22.688061434029173
36-37	22.58512869494618	27.169440888734243	27.446690270693562	22.798740145626013
38-39	22.633757342836226	27.177424124985883	27.38521669192697	22.803601840250916
40-41	22.643540146069512	27.155877388878775	27.378123682021098	22.822458783030616
42-43	22.749801344901734	27.09928223003742	27.29461520824316	22.856301216817684
44-45	22.805566652326227	27.091796754962814	27.273638682318236	22.828997910392722
46-47	22.776130972432902	27.112916130980114	27.286730171851193	22.824222724735794
48-49	22.82159158746171	26.971583020956817	27.240256272948056	22.966569118633416
50-51	22.82259733984922	26.988727907770787	27.233880262873377	22.95479448950661
52-53	22.847823657435303	26.999958906861053	27.226585647894787	22.925631787808857
54-55	22.885863716701323	26.96059040272957	27.14336300043552	23.01018288013359
56-57	22.97416311165719	26.909862986023597	27.163780345928316	22.952193556390892
58-59	22.994343317498924	26.98535960393621	27.131874939271988	22.888422139292878
60-61	23.049430618663326	26.854958788935058	27.121147588266492	22.974463004135124
62-63	23.106813045675842	26.834807416659366	27.052655270366394	23.005724267298394
64-65	23.13995329499256	26.897136427562486	26.99763017609071	22.965280101354246
66-67	23.125226384822124	26.847252134787265	27.028667280474423	22.998854199916188
68-69	23.159618366615568	26.782131801719338	27.012058272109872	23.046191559555222
70-71	23.261285794120077	26.85691569957809	26.924821545510934	22.956976960790904
72-73	23.303089887424612	26.84071247288578	26.85412070792407	23.00207693176553
74-75	23.280575506406763	26.813380646876205	26.875685176976365	23.030358669740664
76-77	23.312590712151376	26.845533677498466	26.842806070194015	22.999069540156142
78-79	23.379939718687208	26.803677098631535	26.780710594394634	23.03567258828662
80-81	23.445244182567652	26.71727023403382	26.79596385086388	23.041521732534644
82-83	23.429501298707283	26.796845925269892	26.714195679066638	23.05945709695619
84-85	23.52182107494562	26.739297296923514	26.68340098515809	23.05548064297278
86-87	23.49082589775294	26.698986425624415	26.685849561393905	23.12433811522874
88-89	23.50038988825764	26.763735398396655	26.66639777821312	23.06947693513258
90	23.64384902870502	26.58013635095577	26.679890347455924	23.09612427288328
>>END_MODULE
>>Per sequence GC content	warn
#GC Content	Count
0	0.0
1	0.0
2	0.5
3	0.5
4	2.5
5	5.0
6	7.0
7	8.5
8	11.0
9	14.5
10	15.0
11	31.5
12	50.0
13	79.0
14	155.5
15	287.5
16	497.5
17	792.0
18	1353.5
19	2141.0
20	2534.0
21	3198.0
22	4549.5
23	6200.0
24	8399.0
25	11331.5
26	14471.0
27	17456.0
28	20587.0
29	24062.0
30	25948.0
31	27880.5
32	31140.0
33	33744.0
34	36556.5
35	39168.5
36	41147.0
37	42470.5
38	43275.5
39	43886.0
40	44113.0
41	44654.5
42	45019.5
43	45103.5
44	44736.0
45	43751.0
46	43602.0
47	42870.0
48	41201.0
49	39367.0
50	38262.0
51	37634.0
52	36136.5
53	34728.0
54	33541.5
55	32580.5
56	31857.5
57	30581.0
58	28851.0
59	27253.0
60	26518.0
61	25512.0
62	23215.5
63	20622.5
64	17901.0
65	15460.5
66	13260.5
67	10895.5
68	8862.5
69	7082.0
70	6148.0
71	5468.0
72	4124.5
73	3075.0
74	2324.5
75	1698.5
76	1208.5
77	838.0
78	621.5
79	460.5
80	374.0
81	300.0
82	198.5
83	138.5
84	86.0
85	58.0
86	37.5
87	17.5
88	11.0
89	10.0
90	8.0
91	4.5
92	1.5
93	1.5
94	1.5
95	1.0
96	0.0
97	0.0
98	0.0
99	0.0
100	0.0
>>END_MODULE
>>Per base N content	pass
#Base	N-Count
1	0.06275323079286442
2	0.05491867811125833
3	0.026576031645448087
4	0.03924957274804616
5	0.028496265145841738
6	6.144747201259674E-4
7	7.680934001574592E-5
8	2.3042802004723774E-4
9	3.072373600629837E-4
10-11	2.3042802004723774E-4
12-13	0.007296887301495862
14-15	1.9202335003936478E-4
16-17	1.9202335003936478E-4
18-19	0.019432763023983717
20-21	0.00818019471167694
22-23	0.010830116942220174
24-25	0.03003245194615665
26-27	0.008871478771818653
28-29	0.008218599381684812
30-31	0.01674443612343261
32-33	0.014862607293046835
34-35	0.018127004243716036
36-37	0.0021890661904487587
38-39	0.011214163642298904
40-41	0.016590817443401115
42-43	0.0034948249707164388
44-45	0.01881828830385775
46-47	0.018933502313881367
48-49	0.026422412965416597
50-51	0.006259961211283292
52-53	3.456420300708566E-4
54-55	0.002611517560535361
56-57	0.00948595349194462
58-59	0.0010369260902125697
60-61	0.0022658755304645044
62-63	0.007604124661558845
64-65	0.02699848301553469
66-67	0.0164756034333775
68-69	0.01570751003322004
70-71	0.009409144151928875
72-73	0.03732933924765251
74-75	0.019509572363999462
76-77	0.03210630412658179
78-79	0.0022274708604566314
80-81	0.0031107782706377095
82-83	0.004109299690842406
84-85	0.031338210726424336
86-87	0.018779883633849876
88-89	0.020738521804251394
90	0.05560996217140004
>>END_MODULE
>>Sequence Length Distribution	pass
#Length	Count
90	1301925.0
>>END_MODULE
>>Sequence Duplication Levels	pass
#Total Deduplicated Percentage	79.25305496599879
#Duplication Level	Percentage of total
1	66.47720397880525
2	16.983528840294827
3	7.40462370590442
4	3.7763189570673323
5	2.1122170550319743
6	1.2469459017104496
7	0.7645983480453105
8	0.47177693439861385
9	0.27971460375752377
>10	0.48307167498429193
>50	0.0
>100	0.0
>500	0.0
>1k	0.0
>5k	0.0
>10k+	0.0
>>END_MODULE
>>Overrepresented sequences	pass
>>END_MODULE
>>Adapter Content	pass
#Position	Illumina Universal Adapter	Illumina Small RNA 3' Adapter	Illumina Small RNA 5' Adapter	Nextera Transposase Sequence	PolyA	PolyG
1	0.003686848320755804	0.0	0.0	0.0	0.08487432071739924	7.680934001574591E-5
2	0.003686848320755804	0.0	0.0	0.0	0.09962171400042245	1.5361868003149182E-4
3	0.00376365766077155	0.0	0.0	0.0	0.11352420454327246	1.5361868003149182E-4
4	0.00376365766077155	0.0	0.0	0.0	0.12719626706607523	1.5361868003149182E-4
5	0.00376365766077155	0.0	0.0	0.0	0.14086832958887802	1.5361868003149182E-4
6	0.00376365766077155	0.0	0.0	0.0	0.15154482785106668	3.0723736006298363E-4
7	0.0038404670007872958	0.0	0.0	0.0	0.16368070357355455	3.8404670007872955E-4
8	0.003994085680818787	0.0	0.0	7.680934001574591E-5	0.1742803924957275	7.680934001574591E-4
9	0.0040708950208345335	0.0	0.0	7.680934001574591E-5	0.18764521765846726	7.680934001574591E-4
10-11	0.004224513700866026	0.0	0.0	7.680934001574591E-5	0.20319910901165583	0.0010753307602204428
12-13	0.004301323040881771	0.0	0.0	7.680934001574591E-5	0.2239760354859151	0.0013441634502755536
14-15	0.0043781323808975165	0.0	0.0	7.680934001574591E-5	0.24509860399024522	0.0017666148203621561
16-17	0.004608560400944754	0.0	0.0	7.680934001574591E-5	0.2620350634637172	0.002112256850433013
18-19	0.004762179080976247	0.0	0.0	7.680934001574591E-5	0.2783186435470553	0.002803540910574726
20-21	0.004915797761007739	0.0	0.0	1.5361868003149182E-4	0.29321965551011003	0.0032643969506692015
22-23	0.004992607101023484	0.0	0.0	1.5361868003149182E-4	0.3073525740730073	0.003610038980740058
24-25	0.005031011771031357	0.0	0.0	1.5361868003149182E-4	0.3179522629951802	0.004531751060929009
26-27	0.0050694164410392305	0.0	0.0	1.5361868003149182E-4	0.3307794227778098	0.005376653801102214
28-29	0.005223035121070722	0.0	0.0	1.5361868003149182E-4	0.3449507460107149	0.0061063425312518
30-31	0.005338249131094342	0.0	0.0	1.5361868003149182E-4	0.3570866217332027	0.007220077961480116
32-33	0.005491867811125832	3.8404670007872954E-5	0.0	1.5361868003149182E-4	0.37217965704629685	0.008257004051692687
34-35	0.006912840601417133	7.680934001574591E-5	0.0	1.5361868003149182E-4	0.3837010580486587	0.009255525471897383
36-37	0.0076809340015745915	7.680934001574591E-5	0.0	1.5361868003149182E-4	0.39456957966088674	0.011598210342377634
38-39	0.007834552681606084	7.680934001574591E-5	0.0	1.5361868003149182E-4	0.40639821802331166	0.013940895212857884
40-41	0.008026576031645447	7.680934001574591E-5	0.0	1.5361868003149182E-4	0.41757397699560267	0.016014747393283024
42-43	0.008525836741747797	7.680934001574591E-5	0.0	1.5361868003149182E-4	0.4293258060180118	0.018280622923747526
44-45	0.00883307410181078	7.680934001574591E-5	0.0	1.5361868003149182E-4	0.4426906311807516	0.020853735814275014
46-47	0.009140311461873763	7.680934001574591E-5	0.0	1.5361868003149182E-4	0.4557098143134205	0.023388444034794634
48-49	0.009908404862031223	7.680934001574591E-5	0.0	2.3042802004723774E-4	0.467653666685869	0.026191984945369357
50-51	0.010446070242141444	7.680934001574591E-5	0.0	2.3042802004723774E-4	0.4781765462680262	0.030109261286172397
52-53	0.011444591662346142	7.680934001574591E-5	0.0	2.3042802004723774E-4	0.4892754959003015	0.034909845037156516
54-55	0.011790233692416998	7.680934001574591E-5	0.0	2.3042802004723774E-4	0.5010273249227106	0.039787238128156384
56-57	0.012827159782629568	1.1521401002361886E-4	0.0	2.3042802004723774E-4	0.5116270138448835	0.04535591527929796
58-59	0.014171323232905122	1.5361868003149182E-4	0.0	2.3042802004723774E-4	0.5199992319065998	0.05038692705032932
60-61	0.015285058663133438	1.5361868003149182E-4	0.0	2.3042802004723774E-4	0.5298692320986231	0.05576358085143153
62-63	0.01632198475334601	1.5361868003149182E-4	0.0	2.3042802004723774E-4	0.5409681817308984	0.06217716074274632
64-65	0.01778136221364518	1.5361868003149182E-4	0.0	2.3042802004723774E-4	0.5498012558327092	0.06820669393398238
66-67	0.018779883633849876	1.5361868003149182E-4	0.0	2.3042802004723774E-4	0.5604009447548822	0.07700136336578528
68-69	0.020316070434164793	1.5361868003149182E-4	0.0	2.3042802004723774E-4	0.5711926570270944	0.08510474873744647
70-71	0.021468210534400983	1.5361868003149182E-4	0.0	2.3042802004723774E-4	0.5829828907195115	0.09316972943909979
72-73	0.02269715997465292	1.5361868003149182E-4	0.0	2.3042802004723774E-4	0.5947731244119285	0.1019643988709027
74-75	0.02415653743495209	1.5361868003149182E-4	0.0	2.3042802004723774E-4	0.604873552623999	0.11187280373293393
76-77	0.026076770935345737	1.5361868003149182E-4	0.0	3.0723736006298363E-4	0.615473241546172	0.12293334869520134
78-79	0.0286882884958811	1.5361868003149182E-4	0.0	3.0723736006298363E-4	0.6271866658985732	0.1358757224878545
>>END_MODULE
