##FastQC	0.12.1
>>Basic Statistics	pass
#Measure	Value
Filename	HG00261.GRCh38DH.exome.chr21.fq.gz
File type	Conventional base calls
Encoding	Sanger / Illumina 1.9
Total Sequences	1011416
Total Bases	91 Mbp
Sequences flagged as poor quality	0
Sequence length	90
%GC	45
>>END_MODULE
>>Per base sequence quality	pass
#Base	Mean	Median	Lower Quartile	Upper Quartile	10th Percentile	90th Percentile
1	26.890577171015686	27.0	27.0	27.0	27.0	27.0
2	27.3366023475998	27.0	27.0	27.0	27.0	33.0
3	27.130388485054617	27.0	27.0	27.0	22.0	33.0
4	26.307431363553672	27.0	27.0	27.0	22.0	27.0
5	29.24779022677118	27.0	27.0	33.0	27.0	33.0
6	30.10109391190173	33.0	27.0	33.0	27.0	33.0
7	30.05525224042333	33.0	27.0	33.0	27.0	33.0
8	30.476101821604562	33.0	27.0	33.0	27.0	33.0
9	30.455196477018358	33.0	27.0	33.0	27.0	33.0
10-11	30.846240814857588	33.0	27.0	33.0	27.0	33.0
12-13	30.93463817064393	33.0	27.0	33.0	27.0	33.0
14-15	30.98744779596131	33.0	27.0	33.0	27.0	33.0
16-17	30.957438877771363	33.0	27.0	33.0	27.0	33.0
18-19	31.031714942219622	33.0	27.0	33.0	27.0	33.0
20-21	31.088511552120988	33.0	27.0	33.0	27.0	33.0
22-23	30.959516163477737	33.0	27.0	33.0	27.0	33.0
24-25	30.950480811060928	33.0	27.0	33.0	27.0	33.0
26-27	30.975992568834187	33.0	27.0	33.0	27.0	33.0
28-29	30.923764801031425	33.0	27.0	33.0	27.0	33.0
30-31	30.85691446447357	33.0	27.0	33.0	27.0	33.0
32-33	30.83400549328862	33.0	27.0	33.0	27.0	33.0
34-35	30.79257446985217	33.0	27.0	33.0	27.0	33.0
36-37	30.70136076550104	33.0	27.0	33.0	27.0	33.0
38-39	30.64716891961369	33.0	27.0	33.0	27.0	33.0
40-41	30.591428749396883	33.0	27.0	33.0	27.0	33.0
42-43	30.549430699138632	33.0	27.0	33.0	27.0	33.0
44-45	30.454780723263227	33.0	27.0	33.0	27.0	33.0
46-47	30.679462753209364	33.0	27.0	33.0	27.0	33.0
48-49	30.624945620793028	33.0	27.0	33.0	27.0	33.0
50-51	30.365929548276874	33.0	27.0	33.0	27.0	33.0
52-53	30.348044721459814	33.0	27.0	33.0	27.0	33.0
54-55	30.2400466276982	33.0	27.0	33.0	27.0	33.0
56-57	30.109667535415696	33.0	27.0	33.0	27.0	33.0
58-59	29.96093743820545	33.0	27.0	33.0	27.0	33.0
60-61	29.891331064566906	33.0	27.0	33.0	27.0	33.0
62-63	29.700245497401664	33.0	27.0	33.0	22.0	33.0
64-65	29.54076364225996	33.0	27.0	33.0	22.0	33.0
66-67	29.418423279837377	33.0	27.0	33.0	22.0	33.0
68-69	29.363467158913842	33.0	27.0	33.0	22.0	33.0
70-71	29.1142255016729	33.0	27.0	33.0	18.5	33.0
72-73	29.00870067311571	33.0	27.0	33.0	15.0	33.0
74-75	28.77607235796151	33.0	27.0	33.0	6.0	33.0
76-77	28.670777899499317	33.0	27.0	33.0	6.0	33.0
78-79	28.404021194048738	33.0	27.0	33.0	6.0	33.0
80-81	28.152175267150213	33.0	27.0	33.0	6.0	33.0
82-83	27.727469705838153	33.0	27.0	33.0	6.0	33.0
84-85	27.368800276048628	33.0	27.0	33.0	6.0	33.0
86-87	25.56867500613002	30.0	27.0	33.0	6.0	33.0
88-89	25.168331823898377	27.0	27.0	33.0	6.0	33.0
90	25.063342877708084	27.0	27.0	33.0	6.0	33.0
>>END_MODULE
>>Per sequence quality scores	pass
#Quality	Count
6	2931.0
7	505.0
8	866.0
9	1111.0
10	1392.0
11	1955.0
12	2706.0
13	2968.0
14	3437.0
15	4400.0
16	4821.0
17	5474.0
18	6215.0
19	7269.0
20	8180.0
21	9464.0
22	10942.0
23	11994.0
24	14057.0
25	16526.0
26	19319.0
27	24796.0
28	35235.0
29	59621.0
30	170916.0
31	526137.0
32	58169.0
33	10.0
>>END_MODULE
>>Per base sequence content	pass
#Base	G	A	T	C
1	21.609196312213097	32.26872911469563	25.52516923466646	20.596905338424804
2	22.691239625924876	30.36258932166484	26.58374991219939	20.3624211402109
3	22.415295950926314	28.043632046303397	28.130995077790693	21.41007692497959
4	22.18996734936183	27.66231324824379	28.0964677945978	22.051251607796576
5	22.43827826179871	28.418514641660714	27.646510597123314	21.49669649941726
6	22.896039726337587	28.01262509653235	26.26915938492207	22.822175792207997
7	22.52633161019329	27.829832339923982	27.765956184517055	21.877879865365678
8	21.607179584539686	28.216020377489837	27.784600598035027	22.39219943993545
9	21.843659829800195	27.59002928955524	28.06734422248196	22.498966658162608
10-11	21.988123213624437	27.950495426433587	27.855568152097227	22.205813207844752
12-13	21.827718607454376	27.746146293034997	28.006603388315426	22.419531711195205
14-15	21.91882615733439	27.771229621748404	28.0020686020423	22.307875618874906
16-17	22.047550467183907	27.764008719250132	27.78076890180263	22.407671911763323
18-19	22.12115623923139	27.58460265956579	27.746616956573543	22.547624144629278
20-21	22.213246054661234	27.574902108135902	27.650446940632044	22.56140489657082
22-23	22.327339427769072	27.540801241959645	27.620945214351757	22.51091411591953
24-25	22.341038276194343	27.437988253970925	27.594565718780544	22.62640775105419
26-27	22.49056801535024	27.403753215477405	27.53902204001802	22.56665672915434
28-29	22.480514369231194	27.48640801852742	27.380351997215353	22.652725615026036
30-31	22.539396405487437	27.354773574187067	27.374352498760246	22.731477521565246
32-33	22.502883717342797	27.322609975560713	27.44987424371948	22.724632063377012
34-35	22.590241712515972	27.399919310500316	27.36308494943063	22.64675402755309
36-37	22.62724065372506	27.31254054139573	27.30675597639502	22.753462828484185
38-39	22.731338037047312	27.207776701635524	27.29498872028228	22.765896541034884
40-41	22.75685077115053	27.24220988662634	27.264704660917232	22.736234681305902
42-43	22.717348958714425	27.228218631408048	27.190298869031963	22.864133540845565
44-45	22.804588881395887	27.14488279604554	27.17657423905928	22.87395408349929
46-47	22.84747616382439	27.151979969899475	27.196132023044107	22.804411843232028
48-49	22.85144690527365	27.079257291386998	27.136117922025782	22.93317788131357
50-51	22.886866767069563	27.021959755117138	27.179288391994533	22.911885085818767
52-53	22.906388352414037	27.07155931730732	27.173069259150477	22.84898307112816
54-55	22.97243242842345	27.06556538120184	27.07466310009716	22.887339090277557
56-57	23.018477578833433	26.946736966085293	27.098190909104396	22.936594545976877
58-59	23.042891551490282	27.021415365323122	27.035507999918906	22.90018508326769
60-61	23.021317014006147	26.988349388791622	27.027014999982697	22.963318597219537
62-63	23.078520538814768	26.92634981821454	26.97767398670615	23.01745565626454
64-65	23.099628879925397	26.901359982516915	26.988528206806734	23.010482930750953
66-67	23.181816608543144	26.8345746698134	26.936531882396164	23.047076839247296
68-69	23.196382975777727	26.91630291391174	26.895980886416183	22.991333223894355
70-71	23.2943212440357	26.826769512225273	26.8413557813543	23.03755346238473
72-73	23.252358610678062	26.846999455619653	26.832710089528568	23.06793184417372
74-75	23.394983960222934	26.82534047442931	26.753052699864327	23.02662286548343
76-77	23.3489413882104	26.890766690070507	26.733334651859614	23.026957269859476
78-79	23.34273300530901	26.85804220803783	26.67514169968419	23.12408308696897
80-81	23.402482650863934	26.775248648287832	26.691290449384038	23.130978251464203
82-83	23.388773183173026	26.843231611197147	26.62423134813971	23.143763857490114
84-85	23.45467671433375	26.744496528807925	26.59734171957515	23.203485037283176
86-87	23.514711219808397	26.756608947879034	26.53780236103433	23.190877471278238
88-89	23.604988083583034	26.658013666795227	26.510220428991012	23.22677782063073
90	23.629398001182757	26.654522655305886	26.46316547303298	23.252913870478384
>>END_MODULE
>>Per sequence GC content	warn
#GC Content	Count
0	2.0
1	1.5
2	1.5
3	1.5
4	2.5
5	5.0
6	5.5
7	12.0
8	22.0
9	33.5
10	42.0
11	46.5
12	68.5
13	97.5
14	161.5
15	300.5
16	459.5
17	684.0
18	1178.5
19	1911.5
20	2302.0
21	2831.0
22	4042.5
23	5539.0
24	7205.0
25	9312.0
26	11895.0
27	14341.5
28	16660.5
29	19436.0
30	21011.0
31	22308.0
32	24552.0
33	26466.5
34	28524.0
35	30271.5
36	31376.5
37	32306.5
38	32855.5
39	33341.0
40	33760.0
41	34018.0
42	34099.0
43	33873.0
44	33518.5
45	32934.5
46	32729.5
47	32357.5
48	31195.0
49	29972.5
50	29467.0
51	28828.0
52	27449.5
53	26488.5
54	25726.5
55	25033.0
56	24772.0
57	23927.5
58	22620.0
59	21315.0
60	20581.0
61	19930.0
62	18353.5
63	16267.0
64	14201.5
65	12530.5
66	10930.0
67	9091.5
68	7333.5
69	5871.0
70	5162.0
71	4555.5
72	3487.0
73	2653.0
74	1932.5
75	1434.0
76	1100.0
77	769.5
78	556.0
79	417.5
80	346.0
81	301.0
82	211.5
83	141.5
84	94.0
85	53.5
86	31.0
87	20.5
88	13.0
89	8.0
90	4.0
91	2.0
92	2.0
93	3.5
94	2.0
95	2.0
96	1.5
97	0.0
98	0.0
99	0.0
100	0.0
>>END_MODULE
>>Per base N content	pass
#Base	N-Count
1	0.08275526588466071
2	0.059619385099701806
3	0.06832005821541284
4	0.07079184035055802
5	0.06624376122189089
6	0.009590514684363309
7	0.008305187974087812
8	0.01028261368220396
9	0.01324875224437818
10-11	0.011419633464370743
12-13	0.011567940392479454
14-15	0.010381484967609768
16-17	0.008947851329225561
18-19	0.008453494902196525
20-21	0.009491643398957502
22-23	0.010974712680044612
24-25	0.009442207756254596
26-27	0.009541079041660405
28-29	0.015621663094117553
30-31	0.01230947503302301
32-33	0.013298187887081082
34-35	0.013051009673566564
36-37	0.01028261368220396
38-39	0.008651237473008139
40-41	0.006920989978406511
42-43	0.006920989978406511
44-45	0.010084871111392345
46-47	0.01364423738600141
48-49	0.01695642544709595
50-51	0.015522791808711748
52-53	0.01829118780007435
54-55	0.01715416801790757
56-57	0.02150450457576309
58-59	0.02466838570874892
60-61	0.017945138301154025
62-63	0.019428207582241137
64-65	0.015127306667088518
66-67	0.020515791721705014
68-69	0.019576514510349845
70-71	0.018884415512509193
72-73	0.017253039303313372
74-75	0.017796831373045316
76-77	0.018390059085480158
78-79	0.020812405577922438
80-81	0.01962595015305275
82-83	0.02274039564333568
84-85	0.023333623355770525
86-87	0.02461895006604602
88-89	0.020367484793596305
90	0.021553940218465992
>>END_MODULE
>>Sequence Length Distribution	pass
#Length	Count
90	1011416.0
>>END_MODULE
>>Sequence Duplication Levels	pass
#Total Deduplicated Percentage	87.48453805194826
#Duplication Level	Percentage of total
1	78.49817506787402
2	13.451687887864288
3	4.594181917546941
4	1.8324245471835965
5	0.7978635160361801
6	0.35664212380283133
7	0.17849194751395384
8	0.10286574698183142
9	0.07360608123623587
>10	0.06263725005995166
>50	0.0
>100	0.05142391390014707
>500	0.0
>1k	0.0
>5k	0.0
>10k+	0.0
>>END_MODULE
>>Overrepresented sequences	pass
>>END_MODULE
>>Adapter Content	pass
#Position	Illumina Universal Adapter	Illumina Small RNA 3' Adapter	Illumina Small RNA 5' Adapter	Nextera Transposase Sequence	PolyA	PolyG
1	0.08611688958845816	0.0	0.0	0.0	0.09985999825986537	0.0
2	0.08631463215926978	0.0	0.0	0.0	0.11310875050424356	0.0
3	0.08631463215926978	0.0	0.0	0.0	0.1258631463215927	0.0
4	0.08631463215926978	0.0	0.0	0.0	0.13891415599515927	0.0
5	0.08631463215926978	0.0	0.0	0.0	0.15473356166008842	9.88712854058073E-5
6	0.08631463215926978	0.0	0.0	0.0	0.1678834426190608	4.943564270290365E-4
7	0.08631463215926978	0.0	0.0	0.0	0.18251639285912027	4.943564270290365E-4
8	0.08641350344467558	0.0	0.0	0.0	0.19457868967862876	8.898415686522657E-4
9	0.0866112460154872	0.0	0.0	0.0	0.20911276863328246	9.88712854058073E-4
10-11	0.08700673115711043	0.0	0.0	0.0	0.2274039564333568	0.0011864554248696875
12-13	0.08735278065603075	0.0	0.0	9.88712854058073E-5	0.25543396584590317	0.0014830692810871094
14-15	0.0879954440111685	0.0	0.0	9.88712854058073E-5	0.28010235155465213	0.0016313762091958205
16-17	0.08888528557982076	0.0	0.0	9.88712854058073E-5	0.29977773735040775	0.002076296993521953
18-19	0.089280770721444	0.0	0.0	9.88712854058073E-5	0.3197003013596779	0.002422346492442279
20-21	0.08997286971928464	0.0	0.0	9.88712854058073E-5	0.33937568715543354	0.003015574204877123
22-23	0.09066496871712529	0.0	0.0	9.88712854058073E-5	0.35549170667658014	0.0036088019173119664
24-25	0.09101101821604562	0.0	0.0	9.88712854058073E-5	0.3710144984852919	0.004646950414072943
26-27	0.09170311721388627	0.0	0.0	9.88712854058073E-5	0.3846587358712933	0.005586227625428113
28-29	0.09318618649497339	0.0	0.0	9.88712854058073E-5	0.40062644846433115	0.007514217690841355
30-31	0.09516361220308953	9.88712854058073E-5	0.0	9.88712854058073E-5	0.41471560663465873	0.008651237473008139
32-33	0.09788257255174923	9.88712854058073E-5	0.0	9.88712854058073E-5	0.4280632301644427	0.010925277037341707
34-35	0.12892815616917272	9.88712854058073E-5	0.0	9.88712854058073E-5	0.4414108536942267	0.01270496017464624
36-37	0.1527561359519723	9.88712854058073E-5	0.0	9.88712854058073E-5	0.4553022692937426	0.014583514597356578
38-39	0.15414033394765358	9.88712854058073E-5	0.0	9.88712854058073E-5	0.4667713384008163	0.016709247233581435
40-41	0.15750195765145103	9.88712854058073E-5	0.0	1.4830692810871094E-4	0.4780426649370783	0.018192316514668544
42-43	0.159578254644973	9.88712854058073E-5	0.0	1.977425708116146E-4	0.491538595394971	0.021059583791436957
44-45	0.16214890806552398	9.88712854058073E-5	0.0	1.977425708116146E-4	0.5024638724323127	0.022938138214147294
46-47	0.16442294762985754	9.88712854058073E-5	0.0	2.4717821351451826E-4	0.515119396964256	0.026448068846053455
48-49	0.1675373931201405	9.88712854058073E-5	0.0	3.954851416232292E-4	0.5273300007118733	0.029710821264445096
50-51	0.17000917525528567	9.88712854058073E-5	0.0	3.954851416232292E-4	0.5418640796665269	0.03292413804013383
52-53	0.1734696702444889	9.88712854058073E-5	0.0	3.954851416232292E-4	0.553629762629818	0.03707673202717773
54-55	0.17722677908990958	9.88712854058073E-5	0.0	3.954851416232292E-4	0.5678177920855514	0.04122932601422165
56-57	0.18202203643209125	9.88712854058073E-5	0.0	3.954851416232292E-4	0.5801272671185744	0.045629098214780076
58-59	0.18439494728183065	9.88712854058073E-5	0.0	3.954851416232292E-4	0.592634484722409	0.05047379119966463
60-61	0.18859697691157742	9.88712854058073E-5	0.0	3.954851416232292E-4	0.605438316182461	0.05591171189698403
62-63	0.19270013525591845	9.88712854058073E-5	0.0	3.954851416232292E-4	0.616759078361426	0.06342592958782539
64-65	0.19581458074620137	9.88712854058073E-5	0.0	3.954851416232292E-4	0.6283270187539054	0.07005030571001447
66-67	0.19892902623648429	9.88712854058073E-5	0.0	3.954851416232292E-4	0.6429105333512619	0.07820718675599359
68-69	0.20318049150893402	9.88712854058073E-5	0.0	3.954851416232292E-4	0.6573951766632127	0.08641350344467558
70-71	0.2058500162148908	9.88712854058073E-5	0.0	3.954851416232292E-4	0.6713854635481344	0.0946692557760605
72-73	0.20955768941760858	9.88712854058073E-5	0.0	3.954851416232292E-4	0.6847330870779185	0.10341936453447445
74-75	0.2127710061932973	9.88712854058073E-5	0.0	3.954851416232292E-4	0.6982290175358112	0.11305931486154064
76-77	0.21637980811060928	9.88712854058073E-5	0.0	3.954851416232292E-4	0.7132574529174939	0.12344079982915042
78-79	0.21993917438521834	9.88712854058073E-5	0.0	3.954851416232292E-4	0.7242816012402414	0.13347623529783986
>>END_MODULE
