##FastQC	0.12.1
>>Basic Statistics	pass
#Measure	Value
Filename	HG00231.GRCh38DH.exome.chr21.fq.gz
File type	Conventional base calls
Encoding	Sanger / Illumina 1.9
Total Sequences	677041
Total Bases	68.3 Mbp
Sequences flagged as poor quality	0
Sequence length	101
%GC	49
>>END_MODULE
>>Per base sequence quality	pass
#Base	Mean	Median	Lower Quartile	Upper Quartile	10th Percentile	90th Percentile
1	26.759719130746884	27.0	27.0	27.0	27.0	27.0
2	26.893864625628286	27.0	27.0	27.0	22.0	33.0
3	26.266339852387077	27.0	27.0	27.0	22.0	27.0
4	30.799910197462193	33.0	27.0	33.0	27.0	33.0
5	31.883752978032348	33.0	33.0	33.0	27.0	33.0
6	32.87328980076539	33.0	33.0	37.0	27.0	37.0
7	33.607672208920874	33.0	33.0	37.0	27.0	37.0
8	33.691674507156876	33.0	33.0	37.0	27.0	37.0
9	33.21759538934865	33.0	33.0	37.0	27.0	37.0
10-11	33.395212402203114	33.0	33.0	37.0	27.0	37.0
12-13	33.39357143806653	33.0	33.0	37.0	30.0	37.0
14-15	33.81056390971891	33.0	33.0	37.0	33.0	37.0
16-17	33.627012987396625	33.0	33.0	37.0	33.0	37.0
18-19	33.24197500594499	33.0	33.0	37.0	27.0	37.0
20-21	33.75972725433172	33.0	33.0	37.0	30.0	37.0
22-23	33.30435232135129	33.0	33.0	37.0	27.0	37.0
24-25	33.7286670969705	33.0	33.0	37.0	33.0	37.0
26-27	33.47070635308644	33.0	33.0	37.0	27.0	37.0
28-29	33.941032374701095	33.0	33.0	37.0	33.0	37.0
30-31	34.18549762865173	33.0	33.0	37.0	33.0	37.0
32-33	33.81728728393111	33.0	33.0	37.0	30.0	37.0
34-35	33.768852255624104	33.0	33.0	37.0	33.0	37.0
36-37	33.49218215735827	33.0	33.0	37.0	27.0	37.0
38-39	33.815822823137744	33.0	33.0	37.0	33.0	37.0
40-41	33.615921340066556	33.0	33.0	37.0	27.0	37.0
42-43	33.969781002923014	35.0	33.0	37.0	30.0	37.0
44-45	34.0894162982744	35.0	33.0	37.0	33.0	37.0
46-47	34.209412723897074	35.0	33.0	37.0	30.0	37.0
48-49	34.59850142015033	37.0	33.0	37.0	33.0	37.0
50-51	34.1021991282655	35.0	33.0	37.0	30.0	37.0
52-53	34.33798839361279	37.0	33.0	37.0	30.0	37.0
54-55	34.15930792965271	37.0	33.0	37.0	30.0	37.0
56-57	34.02901375249062	37.0	33.0	37.0	27.0	37.0
58-59	34.49969278079171	37.0	33.0	37.0	33.0	37.0
60-61	34.40914582720987	37.0	33.0	37.0	33.0	37.0
62-63	34.25727983977336	37.0	33.0	37.0	30.0	37.0
64-65	34.41089461347245	37.0	33.0	37.0	33.0	37.0
66-67	34.6108603467146	37.0	33.0	37.0	33.0	37.0
68-69	34.45654029815033	37.0	33.0	37.0	30.0	37.0
70-71	34.729107247566986	37.0	33.0	37.0	33.0	37.0
72-73	34.41655379807131	37.0	33.0	37.0	30.0	37.0
74-75	34.70687078035156	37.0	33.0	37.0	33.0	37.0
76-77	34.271304839736445	37.0	33.0	37.0	27.0	37.0
78-79	34.07036427631414	37.0	33.0	37.0	27.0	37.0
80-81	34.456264096265954	37.0	33.0	37.0	30.0	37.0
82-83	34.222942185185246	37.0	33.0	37.0	30.0	37.0
84-85	34.314362054882935	37.0	35.0	37.0	30.0	37.0
86-87	33.78734227321536	37.0	33.0	37.0	27.0	37.0
88-89	33.97248763368836	37.0	33.0	37.0	27.0	37.0
90-91	34.178224804701635	37.0	33.0	37.0	30.0	37.0
92-93	33.80173135748056	37.0	33.0	37.0	27.0	37.0
94-95	33.65216803709082	37.0	33.0	37.0	27.0	37.0
96-97	32.68223564008679	35.0	33.0	37.0	27.0	37.0
98-99	28.72048443151892	30.0	30.0	33.0	24.5	33.0
100-101	28.54389985244616	33.0	27.0	33.0	18.5	33.0
>>END_MODULE
>>Per sequence quality scores	pass
#Quality	Count
6	251.0
7	189.0
8	245.0
9	332.0
10	502.0
11	774.0
12	945.0
13	1052.0
14	1088.0
15	1161.0
16	1289.0
17	1353.0
18	1416.0
19	1645.0
20	1880.0
21	1999.0
22	2330.0
23	2735.0
24	3370.0
25	4139.0
26	5433.0
27	7038.0
28	9555.0
29	12765.0
30	17295.0
31	24755.0
32	37373.0
33	68362.0
34	215035.0
35	250532.0
36	203.0
>>END_MODULE
>>Per base sequence content	warn
#Base	G	A	T	C
1	16.25941989138115	28.00985670235065	27.085236528335805	28.645486877932395
2	28.32535347969384	29.576326647589866	23.101639353949473	18.996680518766816
3	24.916571506233314	25.156626933184818	25.12250213095356	24.804299429628305
4	24.15234645627418	25.103366978995712	24.576154763153347	26.16813180157676
5	23.4224839065145	26.041017338718014	26.86585463129005	23.670644123477434
6	24.622392640755304	24.92799390274524	24.596987412595674	25.852626043903783
7	24.446853638506667	24.387034072043438	26.134651628569234	25.03146066088066
8	23.49321603809535	24.670402547567495	26.731143599029895	25.105237815307262
9	23.774483376929904	24.431312136192638	26.585096028157825	25.209108458719637
10-11	24.419091565038926	25.250084376936332	25.345280762870896	24.985543295153846
12-13	24.239608874183922	25.050589347434343	25.79273876694928	24.917063011432454
14-15	24.231646099683093	25.063015543957267	25.859969232609885	24.84536912374975
16-17	24.060270318374812	25.199016567543037	25.973886899359172	24.76682621472298
18-19	24.169975244746155	25.005243505438475	25.71740016661054	25.10738108320483
20-21	24.235526966848095	25.05424387217795	25.884850857045794	24.825378303928158
22-23	24.266438209466695	25.118352153972275	25.711405381053314	24.903804255507715
24-25	24.401024473030038	25.00424648206655	25.740254139027606	24.8544749058758
26-27	24.41993920218376	25.176514553957325	25.57237982977793	24.83116641408099
28-29	24.394149090946687	25.265463654853676	25.65858176162405	24.681805492575585
30-31	24.24061976834045	25.177423906827883	25.582067145510507	24.99988917932116
32-33	24.52167090485429	25.202686828717624	25.5598914275329	24.715750838895183
34-35	24.374439930645593	25.371834338410803	25.508134811140735	24.745590919802872
36-37	24.511564316330382	25.174260615734383	25.529466423116666	24.78470864481857
38-39	24.5117292079175	25.21135321448169	25.476860266481932	24.800057311118874
40-41	24.461765820218595	25.308213891910775	25.549940140811263	24.680080147059368
42-43	24.475726936342753	25.201592354335766	25.482396212619186	24.84028449670229
44-45	24.575534445840432	25.230984452820376	25.464904913954644	24.728576187384544
46-47	24.49855347347321	25.390178095961915	25.5178801314393	24.593388299125586
48-49	24.54020636227025	25.17757114297155	25.47420028340458	24.80802221135362
50-51	24.600319729434695	25.22950527671821	25.491216309600972	24.67895868424612
52-53	24.539156459568808	25.2629089767038	25.58658020654363	24.611354357183764
54-55	24.593615922438843	25.20597194895161	25.47321274864957	24.72719937995997
56-57	24.65205545837076	25.1891163538367	25.48667911682663	24.67214907096591
58-59	24.57442219799634	25.28022252356853	25.52166886767647	24.623686410758655
60-61	24.496447226221456	25.201831087564663	25.479360375140995	24.82236131107288
62-63	24.654101432058486	25.28347133814429	25.389708446367255	24.672718783429968
64-65	24.522318869697273	25.440010281925673	25.433584078379003	24.604086769998048
66-67	24.654868773306703	25.23794256874553	25.418486386818824	24.688702271128946
68-69	24.7106646547558	25.256526025032628	25.41273977036432	24.62006954984726
70-71	24.682090324488136	25.430334836277623	25.333357971764357	24.55421686746988
72-73	24.601364049196818	25.332901756385155	25.32795044550713	24.737783748910896
74-75	24.778751908839656	25.368451303995137	25.29139587062666	24.56140091653855
76-77	24.672524404161727	25.371390160035162	25.429081118214757	24.527004317588354
78-79	24.709825566666446	25.37574034641454	25.28075738204497	24.633676704874045
80-81	24.822234008447673	25.433500819208334	25.263158672306325	24.481106500037672
82-83	24.752946946469315	25.514916989139934	25.257726247711172	24.47440981667958
84-85	24.836066360898513	25.381883938603096	25.270637319030335	24.511412381468055
86-87	24.91485777130107	25.412896416381876	25.181049566773588	24.491196245543467
88-89	24.90519115811965	25.516637076998894	25.19665492684592	24.38151683803554
90-91	24.940416346324444	25.485540244840028	25.127372996629017	24.446670412206515
92-93	25.043627502067732	25.544170397455595	25.03963616769813	24.372565932778535
94-95	25.112720387665018	25.626788911905535	24.965136310191134	24.295354390238312
96-97	25.10871090950731	25.68680324174972	24.899563383299224	24.304922465443745
98-99	25.36773294928627	25.72866424370034	24.78441711296366	24.119185694049737
100-101	25.43820151613621	25.819047006433195	24.63347965312081	24.109271824309786
>>END_MODULE
>>Per sequence GC content	warn
#GC Content	Count
0	0.0
1	0.0
2	0.0
3	0.0
4	0.0
5	0.5
6	1.0
7	2.0
8	1.5
9	1.5
10	4.5
11	7.5
12	9.5
13	10.5
14	12.5
15	18.0
16	32.0
17	54.5
18	92.5
19	136.5
20	214.0
21	396.0
22	602.0
23	844.0
24	1213.5
25	1699.0
26	2403.5
27	3249.5
28	4107.0
29	5194.5
30	6442.5
31	7652.5
32	9147.5
33	10603.5
34	11627.5
35	12870.0
36	14417.0
37	15906.5
38	16977.5
39	17590.5
40	17943.5
41	18413.5
42	18928.0
43	19548.0
44	20164.0
45	20294.5
46	20344.5
47	20230.0
48	19816.0
49	19211.0
50	18562.0
51	18131.5
52	17953.0
53	17734.0
54	17619.5
55	17563.0
56	17655.5
57	18126.5
58	18245.0
59	18222.0
60	18166.0
61	17858.5
62	17526.0
63	16950.0
64	15911.5
65	14509.5
66	13026.5
67	11606.5
68	9922.5
69	7783.0
70	5759.5
71	3950.0
72	2490.0
73	1535.0
74	833.5
75	416.5
76	236.0
77	129.0
78	68.0
79	44.0
80	26.0
81	14.5
82	8.5
83	6.0
84	5.5
85	3.5
86	3.5
87	3.0
88	0.5
89	0.5
90	0.5
91	0.0
92	0.0
93	0.0
94	0.0
95	0.0
96	0.0
97	0.0
98	0.0
99	0.0
100	0.0
>>END_MODULE
>>Per base N content	pass
#Base	N-Count
1	0.08079274371862265
2	0.018905797433242597
3	0.016837975838981688
4	0.012406929565565453
5	0.008714391004385258
6	0.0022155231367081167
7	7.385077122360388E-4
8	4.431046273416233E-4
9	0.0
10-11	0.0028801800777205518
12-13	0.003101732391391363
14-15	0.0037663893324037983
16-17	0.0036186877899565904
18-19	0.001920120051813701
20-21	8.862092546832466E-4
22-23	0.00531725552809948
24-25	0.0014770154244720776
26-27	0.006351166325229935
28-29	0.00265862776404974
30-31	0.04017481954564051
32-33	0.03810699795137961
34-35	0.03360210090673977
36-37	0.016173318897969254
38-39	0.0050957032144286684
40-41	0.005243404756875876
42-43	0.008271286377043635
44-45	0.014991706558391589
46-47	0.01100376491231698
48-49	0.0398794164607461
50-51	0.07850336981069093
52-53	0.06329011093862853
54-55	0.04586132892985801
56-57	0.030869622371466426
58-59	0.011668421853329414
60-61	0.025921620699484962
62-63	0.03736849023914356
64-65	0.018462692805900974
66-67	0.02909720386209993
68-69	0.05967142314867194
70-71	0.08729161158629979
72-73	0.06683494795736152
74-75	0.03773774409526159
76-77	0.023410694477882434
78-79	0.011446869539658603
80-81	0.024813859131130905
82-83	0.016468721982863668
84-85	0.024592306817460094
86-87	0.012628481879236266
88-89	0.04202108882623061
90-91	0.10058475040654849
92-93	0.08500223767836808
94-95	0.07052748651854171
96-97	0.03633457944201311
98-99	0.10856063369869771
100-101	0.1155764569649401
>>END_MODULE
>>Sequence Length Distribution	pass
#Length	Count
101	677041.0
>>END_MODULE
>>Sequence Duplication Levels	pass
#Total Deduplicated Percentage	86.12752647795256
#Duplication Level	Percentage of total
1	76.21722821129552
2	14.872395100999162
3	4.952483233378686
4	1.9539948520506434
5	0.9001245860036619
6	0.4510801679616819
7	0.2674140449073936
8	0.14863842564548746
9	0.08525736774492092
>10	0.1513840100128504
>50	0.0
>100	0.0
>500	0.0
>1k	0.0
>5k	0.0
>10k+	0.0
>>END_MODULE
>>Overrepresented sequences	pass
>>END_MODULE
>>Adapter Content	pass
#Position	Illumina Universal Adapter	Illumina Small RNA 3' Adapter	Illumina Small RNA 5' Adapter	Nextera Transposase Sequence	PolyA	PolyG
1	0.0	0.0	0.0	0.0	0.026881680725391814	1.4770154244720779E-4
2	0.0	0.0	0.0	0.0	0.03205123471104409	1.4770154244720779E-4
3	0.0	0.0	0.0	0.0	0.03530066864488266	1.4770154244720779E-4
4	0.0	0.0	0.0	0.0	0.03914090874851006	1.4770154244720779E-4
5	0.0	0.0	0.0	0.0	0.04239034268234863	1.4770154244720779E-4
6	0.0	0.0	0.0	0.0	0.04504897044639837	2.9540308489441557E-4
7	0.0	0.0	0.0	0.0	0.047707598210448114	2.9540308489441557E-4
8	0.0	0.0	0.0	0.0	0.04992312134715623	2.9540308489441557E-4
9	0.0	0.0	0.0	0.0	0.053024853738547595	2.9540308489441557E-4
10-11	0.0	0.0	0.0	0.0	0.056421989214833365	3.692538561180194E-4
12-13	0.0	0.0	0.0	0.0	0.062108498599050876	4.431046273416233E-4
14-15	0.0	0.0	0.0	0.0	0.06713035104225593	5.908061697888311E-4
16-17	0.0	0.0	0.0	0.0	0.07200450194301379	8.862092546832467E-4
18-19	0.0	0.0	0.0	0.0	0.0758447420466412	0.0011077615683540583
20-21	0.0	0.0	0.0	0.0	0.07931572829415057	0.0011816123395776623
22-23	0.0	0.0	0.0	0.0	0.0819743560582003	0.0011816123395776623
24-25	0.0	0.0	0.0	0.0	0.08418987919490843	0.001403164653248474
26-27	0.0	0.0	0.0	0.0	0.08625770078916933	0.0014770154244720779
28-29	0.0	0.0	0.0	0.0	0.0892855824093371	0.0016985677381428895
30-31	0.0	0.0	0.0	0.0	0.09216576248705766	0.0017724185093664932
32-33	0.0	0.0	0.0	0.0	0.09511979333600182	0.0021416723654845127
34-35	0.0	0.0	0.0	0.0	0.09932928729574722	0.0025109262216025325
36-37	0.0	0.0	0.0	0.0	0.10390803511161067	0.003101732391391363
38-39	0.0	0.0	0.0	0.0	0.10737902135912006	0.00398794164607461
40-41	0.0	0.0	0.0	0.0	0.1103330522080642	0.004431046273416233
42-43	0.0	0.0	0.0	0.0	0.1139517399980208	0.0049480016719814605
44-45	0.0	0.0	0.0	0.0	0.11675806930451775	0.0059080616978883106
46-47	0.0	0.0	0.0	0.0	0.12000750323835632	0.006425017096453538
48-49	0.0	0.0	0.0	0.0	0.1237000417995365	0.006941972495018765
50-51	0.0	0.0	0.0	0.0	0.12783568498805833	0.0076804802072548035
52-53	0.0	0.0	0.0	0.0	0.1307897158370025	0.008862092546832467
54-55	2.9540308489441557E-4	0.0	0.0	0.0	0.1345561051694063	0.009969854115186524
56-57	5.169553985652272E-4	0.0	0.0	0.0	0.13824864373058648	0.010634511056198961
58-59	0.0010339107971304544	0.0	0.0	0.0	0.1426796900040027	0.012037675709447433
60-61	0.0014770154244720776	0.0	0.0	0.0	0.14733228859108977	0.013440840362695907
62-63	0.0025109262216025325	0.0	0.0	0.0	0.15050787175370473	0.01462245270227357
64-65	0.00531725552809948	0.0	0.0	0.0	0.15360960414509608	0.01580406504185123
66-67	0.007311226351136785	0.0	0.0	0.0	0.15789294887606511	0.01728108046632331
68-69	0.010412958742528148	0.0	0.0	0.0	0.1615116366660217	0.018905797433242597
70-71	0.018684245119571785	0.0	0.0	0.0	0.16616423525310875	0.02008740977282026
72-73	0.029835711574335972	0.0	0.0	0.0	0.17022602767040695	0.020973619027503505
74-75	0.051769390627746326	0.0	0.0	0.0	0.1742878200877052	0.022893739079317205
76-77	0.07554933896174679	0.0	0.0	0.0	0.1787188663611214	0.02429690373256568
78-79	0.11609341236350532	0.0	0.0	0.0	0.18196830029495997	0.026143173013155777
80-81	0.17798035864888537	0.0	0.0	0.0	0.18529158500002216	0.02769403920885146
82-83	0.2680782995416821	0.0	0.0	0.0	0.18905797433242597	0.02902335309087633
84-85	0.39133523671387704	0.0	0.0	0.0	0.19444908063174904	0.030204965430453992
86-87	0.548120424021588	0.0	0.0	0.0	0.19828932073537645	0.03131272699880805
88-89	0.7741776347370395	0.0	0.0	0.0	0.20294191932246347	0.032420488567162106
90	0.9804428387645652	0.0	0.0	0.0	0.20589595017140763	0.03352825013551616
>>END_MODULE
