##FastQC	0.12.1
>>Basic Statistics	pass
#Measure	Value
Filename	HG00131.GRCh38DH.exome.chr21.fq.gz
File type	Conventional base calls
Encoding	Sanger / Illumina 1.9
Total Sequences	2411236
Total Bases	177.2 Mbp
Sequences flagged as poor quality	0
Sequence length	71-76
%GC	45
>>END_MODULE
>>Per base sequence quality	warn
#Base	Mean	Median	Lower Quartile	Upper Quartile	10th Percentile	90th Percentile
1	28.45135731218346	27.0	27.0	33.0	27.0	33.0
2	28.69180080257594	27.0	27.0	33.0	27.0	33.0
3	28.35663327853433	27.0	27.0	33.0	27.0	33.0
4	27.17513880847831	27.0	27.0	27.0	27.0	33.0
5	30.54891806525782	33.0	33.0	33.0	27.0	33.0
6	30.903880416516675	33.0	33.0	33.0	27.0	33.0
7	30.934552237939382	33.0	33.0	33.0	27.0	33.0
8	30.891936749451318	33.0	33.0	33.0	27.0	33.0
9	30.776312646294265	33.0	33.0	33.0	27.0	33.0
10-11	30.76058730874954	33.0	33.0	33.0	27.0	33.0
12-13	30.68062354742547	33.0	33.0	33.0	27.0	33.0
14-15	30.569089670194042	33.0	33.0	33.0	27.0	33.0
16-17	30.626651020472487	33.0	33.0	33.0	27.0	33.0
18-19	30.504059536271022	33.0	33.0	33.0	27.0	33.0
20-21	30.470659653389383	33.0	33.0	33.0	27.0	33.0
22-23	30.370921593738647	33.0	33.0	33.0	22.0	33.0
24-25	30.315337652556615	33.0	33.0	33.0	22.0	33.0
26-27	30.259559620045486	33.0	33.0	33.0	22.0	33.0
28-29	30.117455943756646	33.0	33.0	33.0	22.0	33.0
30-31	29.99214096007193	33.0	33.0	33.0	15.0	33.0
32-33	29.830774548820607	33.0	33.0	33.0	15.0	33.0
34-35	29.762060826895418	33.0	33.0	33.0	15.0	33.0
36-37	29.645399911082947	33.0	33.0	33.0	6.0	33.0
38-39	29.461985263989092	33.0	33.0	33.0	6.0	33.0
40-41	29.264129060780448	33.0	33.0	33.0	6.0	33.0
42-43	29.15273888578306	33.0	33.0	33.0	6.0	33.0
44-45	28.96151475840606	33.0	33.0	33.0	6.0	33.0
46-47	28.822669162205607	33.0	33.0	33.0	6.0	33.0
48-49	28.462138712262092	33.0	27.0	33.0	6.0	33.0
50-51	28.474113898432172	33.0	30.0	33.0	6.0	33.0
52-53	28.42114562821723	33.0	30.0	33.0	6.0	33.0
54-55	28.227098882067125	33.0	27.0	33.0	6.0	33.0
56-57	27.98579380035799	33.0	27.0	33.0	6.0	33.0
58-59	27.750983105759865	33.0	27.0	33.0	6.0	33.0
60-61	27.42511019244902	33.0	27.0	33.0	6.0	33.0
62-63	26.992924168351834	33.0	27.0	33.0	6.0	33.0
64-65	26.70877778035829	33.0	27.0	33.0	6.0	33.0
66-67	26.162066467156265	33.0	22.0	33.0	6.0	35.0
68-69	25.010413124223426	30.0	15.0	33.0	6.0	33.0
70-71	24.62526998601547	33.0	6.0	33.0	6.0	33.0
72-73	25.685979936645506	33.0	22.0	33.0	6.0	33.0
74-75	24.199118009272674	30.0	18.5	33.0	6.0	33.0
76	24.63306502067912	33.0	6.0	33.0	6.0	33.0
>>END_MODULE
>>Per sequence quality scores	pass
#Quality	Count
1	2.0
2	49.0
3	87.0
4	188.0
5	4173.0
6	99601.0
7	10799.0
8	11208.0
9	12106.0
10	12464.0
11	11318.0
12	13801.0
13	13035.0
14	16066.0
15	15792.0
16	18314.0
17	18106.0
18	20177.0
19	20561.0
20	22474.0
21	24219.0
22	25821.0
23	27849.0
24	31712.0
25	36676.0
26	43659.0
27	51079.0
28	62086.0
29	77407.0
30	111893.0
31	203066.0
32	999241.0
33	396174.0
34	33.0
>>END_MODULE
>>Per base sequence content	pass
#Base	G	A	T	C
1	19.775657297900143	29.734708824728884	28.419655267122206	22.069978610248768
2	22.466184029122648	29.788525381645243	27.153654839846613	20.591635749385496
3	22.355149978539508	28.114282725590456	27.63289524041978	21.89767205545026
4	22.38416566155297	27.68460818828014	27.807670629291103	22.12355552087579
5	22.438020524469966	27.747956288497903	28.177966717143025	21.636056469889102
6	22.52949488428978	27.724195554464	27.439597613360007	22.306711947886217
7	22.512327901008387	27.735723655879184	27.800899938847966	21.951048504264463
8	21.843311242562308	27.80342173237337	28.167848925346362	22.185418099717968
9	21.8602752309184	27.6274786154397	28.350137142482556	22.162109011159345
10-11	21.973553584607743	27.768155359622376	28.107240156335372	22.15105089943451
12-13	21.845986830943176	27.71222379348981	28.187759240138867	22.25403013542815
14-15	21.959056036649073	27.669688743822178	28.12639167555299	22.244863543975754
16-17	22.05955009709165	27.599166849538854	28.11119513782617	22.230087915543333
18-19	22.082373194834197	27.436632932976924	28.068369672903426	22.412624199285453
20-21	22.16560300845251	27.445202401303558	27.952805139736963	22.43638945050697
22-23	22.22580768923679	27.434090256297523	27.895357361723043	22.444744692742642
24-25	22.267047454166242	27.400814237100153	27.791072342919453	22.541065965814152
26-27	22.345357323940597	27.395599279576704	27.736296870803884	22.52274652567882
28-29	22.375725495831958	27.436978527998583	27.687162734000726	22.50013324216873
30-31	22.383670049729783	27.337341302265006	27.666930730849472	22.612057917155738
32-33	22.486582664885983	27.39535722877075	27.561881496105446	22.556178610237822
34-35	22.532459358794558	27.372616289329837	27.541416775242983	22.55350757663262
36-37	22.533282926180824	27.351403454161876	27.498850596642477	22.61646302301482
38-39	22.565273375779167	27.38780615219155	27.47131940782113	22.57560106420815
40-41	22.59893028165655	27.333916790927926	27.453145382562223	22.6140075448533
42-43	22.645256209563485	27.292982058818403	27.44350813272177	22.618253598896334
44-45	22.670295794370816	27.213812143696202	27.435496154075885	22.6803959078571
46-47	22.698758132362467	27.29653436724144	27.364139879537763	22.64056762085833
48-49	22.69316376451568	27.255085063332196	27.298012302905384	22.75373886924674
50-51	22.730865062881897	27.231734491050126	27.35808931106242	22.679311135005552
52-53	22.78321746772997	27.230262511183195	27.339823632103588	22.646696388983248
54-55	22.77626425293499	27.187392486681567	27.330422139671352	22.70592112071209
56-57	22.797689448449454	27.213001404639147	27.2679799721229	22.7213291747885
58-59	22.82676169650833	27.259819189161554	27.24461646088367	22.668802653446445
60-61	22.82701489627365	27.180078567369236	27.217910373464637	22.774996162892474
62-63	22.939395133606986	27.15939708331691	27.16470693163363	22.73650085144247
64-65	22.968022417701853	27.153005793175545	27.156096316469586	22.72287547265302
66-67	22.98467648137302	27.171205124929276	27.0772530657822	22.7668653279155
68-69	23.025452509216098	27.115918058371225	27.091922496616878	22.7667069357958
70-71	23.147045653509853	27.12887144132072	26.988398146076047	22.73568475909338
72-73	23.18099625214294	27.128620968974037	26.952367500013384	22.73801527886964
74-75	23.298484179131762	27.115394987502313	26.94453216317688	22.641588670189048
76	23.410032141524827	27.032232934233814	26.977799042589375	22.57993588165199
>>END_MODULE
>>Per sequence GC content	warn
#GC Content	Count
0	0.0
1	0.5
2	0.5
3	0.0
4	0.5
5	2.5
6	4.5
7	5.5
8	7.0
9	16.5
10	26.0
11	43.5
12	85.0
13	170.0
14	273.5
15	545.0
16	1220.0
17	1667.0
18	2402.0
19	4410.5
20	7568.0
21	9452.0
22	11900.5
23	17538.5
24	22604.5
25	26442.5
26	32880.0
27	41914.5
28	48763.0
29	53778.0
30	61306.5
31	68563.0
32	75731.0
33	82831.0
34	87180.0
35	92576.5
36	99098.0
37	103111.0
38	104706.0
39	105226.5
40	105176.5
41	105234.0
42	105070.5
43	104049.0
44	102388.5
45	100851.0
46	98986.5
47	95086.0
48	90724.5
49	86734.5
50	83139.0
51	79844.0
52	76750.0
53	74109.0
54	71301.5
55	69189.0
56	66717.5
57	63285.0
58	60238.5
59	58100.5
60	54488.0
61	48700.5
62	45479.0
63	42476.0
64	36653.5
65	31532.0
66	28202.0
67	26055.0
68	22277.0
69	18250.0
70	14814.0
71	11683.5
72	9836.5
73	7794.5
74	5572.0
75	4223.5
76	3503.5
77	2662.0
78	1760.0
79	1363.0
80	1135.0
81	737.5
82	462.0
83	356.0
84	290.0
85	186.0
86	118.5
87	73.5
88	49.0
89	30.0
90	16.5
91	10.5
92	7.5
93	5.0
94	2.0
95	0.5
96	0.0
97	0.0
98	0.0
99	0.0
100	0.0
>>END_MODULE
>>Per base N content	pass
#Base	N-Count
1	0.34073811107664287
2	0.09907781735176482
3	0.08949766841570049
4	0.0783830367496172
5	0.0633285169929447
6	0.03392451008528406
7	0.035251630284219376
8	0.03641286045828778
9	0.0401868585240101
10-11	0.03222413733039819
12-13	0.024261416136786278
14-15	0.028927073086168254
16-17	0.02600326139788888
18-19	0.014204333379229573
20-21	0.012255125587043326
22-23	0.011135367919191652
24-25	0.011093895412974923
26-27	0.006366029704267852
28-29	0.008812907571054844
30-31	0.008543336280646109
32-33	0.007299161094144247
34-35	0.004375349405864876
36-37	0.008398182508887558
38-39	0.010015610251339976
40-41	0.013312674495569906
42-43	0.014847157225588868
44-45	0.015427772312623069
46-47	0.00787977618117845
48-49	0.007444314865902798
50-51	0.006988117297518783
52-53	0.010492544072832356
54-55	0.008190819977803914
56-57	0.012296598093260055
58-59	0.02009342926200505
60-61	0.023473438518668434
62-63	0.025754426360588514
64-65	0.026583876484923084
66-67	0.01791612268562679
68-69	0.015489981071948163
70-71	0.018973671594153373
72-73	0.04869306656832011
74-75	0.026960235504860253
76	0.035809778456837284
>>END_MODULE
>>Sequence Length Distribution	warn
#Length	Count
71	1196484.0
72	0.0
73	0.0
74	0.0
75	0.0
76	1214752.0
>>END_MODULE
>>Sequence Duplication Levels	pass
#Total Deduplicated Percentage	93.5047944351696
#Duplication Level	Percentage of total
1	88.62106077143808
2	7.961928149658401
3	1.6805149414746046
4	0.730785105452844
5	0.38091022899602395
6	0.22149114824101251
7	0.13930983301945513
8	0.08958301181286396
9	0.044641526857499024
>10	0.1297752830492309
>50	0.0
>100	0.0
>500	0.0
>1k	0.0
>5k	0.0
>10k+	0.0
>>END_MODULE
>>Overrepresented sequences	pass
>>END_MODULE
>>Adapter Content	pass
#Position	Illumina Universal Adapter	Illumina Small RNA 3' Adapter	Illumina Small RNA 5' Adapter	Nextera Transposase Sequence	PolyA	PolyG
1	0.0	0.0	0.0	0.0	0.05814445371585361	2.488350373003721E-4
2	0.0	0.0	0.0	0.0	0.06818080022030196	3.3178004973382947E-4
3	0.0	0.0	0.0	0.0	0.07659971898229788	3.7325255595055813E-4
4	0.0	0.0	0.0	0.0	0.08489422022564361	4.561975683840155E-4
5	0.0	0.0	0.0	0.0	0.09393522658089047	5.391425808174728E-4
6	0.0	0.0	0.0	0.0	0.1025200353677533	7.050326056843876E-4
7	0.0	0.0	0.0	0.0	0.11023392152406483	8.294501243345736E-4
8	0.0	0.0	0.0	0.0	0.11765750013685927	0.001285647692718589
9	0.0	0.0	0.0	0.0	0.12632525393615557	0.0014930102238022325
10	0.0	0.0	0.0	0.0	0.1328779099183987	0.0016174277424524186
11	0.0	0.0	0.0	0.0	0.13930614838199165	0.0018662627797527906
12	0.0	0.0	0.0	0.0	0.14556849682071768	0.0020321528046197052
13	0.0	0.0	0.0	0.0	0.15257735037134482	0.0020736253108364342
14	0.0	0.0	0.0	0.0	0.15859086377277049	0.0022809878419200774
15	0.0	0.0	0.0	4.147250621672868E-5	0.1639408170747285	0.0024054053605702635
16	0.0	0.0	0.0	4.147250621672868E-5	0.16908340784560283	0.002778657916520822
17	0.0	0.0	0.0	4.147250621672868E-5	0.17360391102322625	0.0031933829786881087
18	0.0	0.0	0.0	4.147250621672868E-5	0.17812441420084968	0.0034422180159884804
19	0.0	0.0	0.0	4.147250621672868E-5	0.1842208726147088	0.0038984155843724963
20	0.0	0.0	0.0	4.147250621672868E-5	0.18874137579233224	0.0042716681403230546
21	1.2441751865018604E-4	0.0	0.0	4.147250621672868E-5	0.1933033514761724	0.004644920696273612
22	2.073625310836434E-4	0.0	0.0	8.294501243345737E-5	0.1986533047781304	0.005349953301958
23	2.9030754351710075E-4	0.0	0.0	8.294501243345737E-5	0.20242730284385269	0.005598788339258372
24	3.7325255595055813E-4	0.0	0.0	8.294501243345737E-5	0.20528890577280698	0.006262348438726031
25	4.147250621672868E-4	0.0	0.0	8.294501243345737E-5	0.20956057391313002	0.006718546007110047
26	4.147250621672868E-4	0.0	0.0	8.294501243345737E-5	0.21358340701615272	0.007465051119011162
27	4.147250621672868E-4	0.0	0.0	1.2441751865018604E-4	0.21814538269999287	0.008211556230912279
28	6.220875932509303E-4	0.0	0.0	2.073625310836434E-4	0.2226658858776163	0.008875116330379938
29	6.635600994676589E-4	0.0	0.0	2.073625310836434E-4	0.22718638905523972	0.009746038960931241
30	6.635600994676589E-4	0.0	0.0	2.073625310836434E-4	0.23079449709609512	0.010658434097699272
31	6.635600994676589E-4	0.0	0.0	2.073625310836434E-4	0.23585414285453601	0.01136346670338366
32	7.050326056843876E-4	0.0	0.0	2.073625310836434E-4	0.24070642608189327	0.01231733434636842
33	9.538676429847597E-4	0.0	0.0	2.073625310836434E-4	0.24477073169113267	0.013354147001786635
34	0.0010368126554182171	0.0	0.0	2.073625310836434E-4	0.24891798231280554	0.014598322188288496
35	0.0013271201989353179	0.0	0.0	2.073625310836434E-4	0.25298228792204497	0.015510717325056527
36	0.0013271201989353179	0.0	0.0	2.073625310836434E-4	0.2580834061867026	0.016713420005341657
37	0.0014100652113687752	0.0	0.0	2.488350373003721E-4	0.2622721293145922	0.01791612268562679
38	0.0015759552362356898	0.0	0.0	2.488350373003721E-4	0.26629496241761486	0.01924324288456211
39	0.0016174277424524186	0.0	0.0	2.488350373003721E-4	0.269944542964687	0.02106803315809817
40	0.0017418452611026047	0.0	0.0	2.488350373003721E-4	0.27380148604284277	0.022851350925417502
41	0.0017418452611026047	0.0	0.0	2.488350373003721E-4	0.2780731541831658	0.02463466869273684
42	0.001824790273536062	0.0	0.0	2.488350373003721E-4	0.28234482232348884	0.026542403978706355
43	0.002115097817053163	0.0	0.0	2.488350373003721E-4	0.28611882038921116	0.02857455678332606
44	0.002488350373003721	0.0	0.0	2.488350373003721E-4	0.2899757634673669	0.030938489637679596
45	0.0026957129040873643	0.0	0.0	2.488350373003721E-4	0.2939571240641729	0.033260949985816406
46	0.002986020447604465	0.0	0.0	2.488350373003721E-4	0.2983946822293629	0.035251630284219376
47	0.0032348554849048372	0.0	0.0	2.488350373003721E-4	0.30154659270183426	0.03827912323804057
48	0.0034836905222052094	4.147250621672868E-5	0.0	2.488350373003721E-4	0.3061085683856744	0.040850418623477755
49	0.0038984155843724963	4.147250621672868E-5	0.0	2.9030754351710075E-4	0.30946784138922945	0.043629076539998576
50	0.0041472506216728685	4.147250621672868E-5	0.0	2.9030754351710075E-4	0.31382245454198593	0.04653215197516958
51	0.004686393202490341	4.147250621672868E-5	0.0	2.9030754351710075E-4	0.31817706769474247	0.04964258994142423
52	0.005101118264657628	4.147250621672868E-5	0.0	2.9030754351710075E-4	0.32336113097183355	0.05308480795741271
53	0.006054985907642387	4.147250621672868E-5	0.0	2.9030754351710075E-4	0.3277986891370235	0.05694175103556848
54	0.00754799613144462	4.147250621672868E-5	0.0	2.9030754351710075E-4	0.33165563221517924	0.06005218900182313
55	0.008211556230912279	4.147250621672868E-5	0.0	2.9030754351710075E-4	0.335056377724951	0.06357735203024507
56	0.00912395136768031	4.147250621672868E-5	0.0	2.9030754351710075E-4	0.3398257159398748	0.06764165763948449
57	0.0109902141474331	4.147250621672868E-5	0.0	2.9030754351710075E-4	0.3447609441796655	0.07232805084197483
58	0.01480568471937214	4.147250621672868E-5	0.0	2.9030754351710075E-4	0.3486178872578213	0.07730475158798226
59	0.01820643022914389	4.147250621672868E-5	0.0	2.9030754351710075E-4	0.3529725004105778	0.08207408980290606
60	0.02459319618652011	4.147250621672868E-5	0.0	2.9030754351710075E-4	0.35753447609441796	0.08742404310486405
61	0.028076886708725317	4.147250621672868E-5	0.0	2.9030754351710075E-4	0.35973251892390457	0.08937325089705031
62	0.033302422492033135	4.147250621672868E-5	0.0	2.9030754351710075E-4	0.36143289167879045	0.09136393119545329
63	0.038527958275340946	4.147250621672868E-5	0.0	2.9030754351710075E-4	0.3643359671139615	0.09343755650628972
64	0.047029822049770326	4.147250621672868E-5	0.0	2.9030754351710075E-4	0.36719757004291576	0.09613326941037709
65	0.05764678364125287	4.147250621672868E-5	0.0	2.9030754351710075E-4	0.3692711953537522	0.09899487233933137
>>END_MODULE
