##FastQC	0.12.1
>>Basic Statistics	pass
#Measure	Value
Filename	HG00151.GRCh38DH.exome.chr21.fq.gz
File type	Conventional base calls
Encoding	Sanger / Illumina 1.9
Total Sequences	539114
Total Bases	54.4 Mbp
Sequences flagged as poor quality	0
Sequence length	101
%GC	48
>>END_MODULE
>>Per base sequence quality	warn
#Base	Mean	Median	Lower Quartile	Upper Quartile	10th Percentile	90th Percentile
1	21.70037505982037	22.0	22.0	22.0	22.0	22.0
2	23.164738812199275	22.0	22.0	27.0	15.0	27.0
3	22.747420768149222	22.0	22.0	27.0	22.0	27.0
4	26.2774812006366	27.0	27.0	27.0	22.0	27.0
5	31.20267883972592	33.0	33.0	33.0	27.0	33.0
6	31.088454389980598	33.0	27.0	33.0	27.0	37.0
7	33.09439561947937	33.0	33.0	37.0	27.0	37.0
8	32.66649725290013	33.0	33.0	37.0	27.0	37.0
9	32.697889500179926	33.0	33.0	37.0	27.0	37.0
10-11	32.05459327711764	33.0	33.0	33.0	27.0	37.0
12-13	32.619627759620414	33.0	33.0	35.0	27.0	37.0
14-15	32.36325155718457	33.0	33.0	33.0	27.0	37.0
16-17	32.37454508693894	33.0	33.0	33.0	27.0	37.0
18-19	32.657186606172345	33.0	33.0	33.0	27.0	37.0
20-21	32.313012646675844	33.0	33.0	33.0	27.0	37.0
22-23	32.19448298504584	33.0	33.0	33.0	27.0	37.0
24-25	32.55605864436835	33.0	33.0	35.0	27.0	37.0
26-27	32.710525974098246	33.0	33.0	35.0	27.0	37.0
28-29	32.90633242690785	33.0	33.0	37.0	27.0	37.0
30-31	32.788059668270535	33.0	33.0	37.0	27.0	37.0
32-33	33.29262642038604	33.0	33.0	37.0	27.0	37.0
34-35	33.31759238305813	33.0	33.0	37.0	27.0	37.0
36-37	33.14441101510998	33.0	33.0	37.0	27.0	37.0
38-39	33.13435655538532	33.0	33.0	37.0	27.0	37.0
40-41	33.831070979421796	35.0	33.0	37.0	30.0	37.0
42-43	33.63006989245317	33.0	33.0	37.0	27.0	37.0
44-45	33.512612360280016	35.0	33.0	37.0	27.0	37.0
46-47	33.67623730787922	37.0	33.0	37.0	27.0	37.0
48-49	33.22660606105573	35.0	33.0	37.0	27.0	37.0
50-51	33.47290554502387	35.0	33.0	37.0	27.0	37.0
52-53	33.752989163701926	37.0	33.0	37.0	30.0	37.0
54-55	33.661476978895	37.0	33.0	37.0	27.0	37.0
56-57	33.147545788089346	35.0	33.0	37.0	27.0	37.0
58-59	33.64776837551983	37.0	33.0	37.0	27.0	37.0
60-61	33.63752842626977	37.0	33.0	37.0	27.0	37.0
62-63	33.66562637957834	37.0	33.0	37.0	27.0	37.0
64-65	33.76922784420364	37.0	33.0	37.0	27.0	37.0
66-67	33.642953994887904	37.0	33.0	37.0	27.0	37.0
68-69	33.64519192601194	37.0	33.0	37.0	27.0	37.0
70-71	33.61281658424748	37.0	33.0	37.0	27.0	37.0
72-73	33.38687550314033	37.0	33.0	37.0	27.0	37.0
74-75	33.41139350860857	37.0	33.0	37.0	27.0	37.0
76-77	33.2543024295418	37.0	33.0	37.0	27.0	37.0
78-79	33.20817025712558	37.0	33.0	37.0	27.0	37.0
80-81	33.06877395133497	37.0	33.0	37.0	27.0	37.0
82-83	32.23489558794615	37.0	33.0	37.0	22.0	37.0
84-85	32.925073361107295	37.0	33.0	37.0	22.0	37.0
86-87	32.77115600782024	37.0	33.0	37.0	22.0	37.0
88-89	32.70656391783556	37.0	33.0	37.0	22.0	37.0
90-91	32.48556613258049	37.0	33.0	37.0	15.0	37.0
92-93	32.18830154661166	37.0	33.0	37.0	6.0	37.0
94-95	31.888247198180718	37.0	33.0	37.0	6.0	37.0
96-97	31.15496073186747	35.0	33.0	37.0	6.0	37.0
98-99	27.53870146202844	33.0	30.0	33.0	6.0	33.0
100-101	26.874285401603373	33.0	27.0	33.0	6.0	33.0
>>END_MODULE
>>Per sequence quality scores	pass
#Quality	Count
6	490.0
7	272.0
8	385.0
9	574.0
10	870.0
11	1089.0
12	1263.0
13	1430.0
14	1616.0
15	1819.0
16	1950.0
17	2069.0
18	2366.0
19	2550.0
20	2855.0
21	3078.0
22	3501.0
23	3874.0
24	4676.0
25	5508.0
26	6797.0
27	8799.0
28	11145.0
29	15028.0
30	20020.0
31	27674.0
32	40409.0
33	70893.0
34	266016.0
35	30098.0
>>END_MODULE
>>Per base sequence content	pass
#Base	G	A	T	C
1	17.21106997772853	27.349881212652573	28.664993675200655	26.77405513441824
2	26.169082771060193	29.591711759859262	24.57319200421612	19.666013464864424
3	24.265183245102147	25.824593685194596	26.00526048294053	23.904962586762725
4	23.75137725972614	25.604046639486267	25.269980004229158	25.374596096558427
5	23.164488401339977	26.62145668634092	27.284025271092943	22.93002964122616
6	24.268707546084872	25.76282567323423	24.73261684912653	25.235849931554366
7	24.024603330649917	25.338240149578755	26.794703903070594	23.842452616700736
8	23.07897773012758	25.57325537826879	27.036211265149856	24.311555626453774
9	23.02110499820075	25.09098261221189	27.399585245421193	24.48832714416617
10-11	23.761950162674314	25.818750765144294	26.018615728769795	24.400683343411597
12-13	23.73071565174002	25.740442920926053	26.317790848873035	24.21105057846089
14-15	23.652426625565223	25.816937632891058	26.37951365354082	24.151122088002897
16-17	23.442373451972546	25.862179299906234	26.490525649979084	24.204921598142136
18-19	23.723212646098084	25.603637125839583	26.313885740678565	24.359264487383765
20-21	23.814814677415168	25.615917969112285	26.416861739817556	24.152405613655
22-23	23.763619568402973	25.727768152932406	26.34841610494255	24.16019617372207
24-25	23.75608819500033	25.72907613409009	26.271506366227598	24.243329304681986
26-27	23.90629724230165	25.73728132900768	26.164838650439894	24.19158277825078
28-29	23.918727282676542	25.841752481225598	26.221367709240518	24.018152526857335
30-31	23.768627785588947	25.7390830139822	26.187503941652412	24.304785258776437
32-33	24.030259970096203	25.78163550760395	26.0570212702806	24.13108325201925
34-35	23.832963036833295	25.886090921319337	26.101775104015434	24.179170937831934
36-37	23.95043151632322	25.69968913013026	26.076610729880894	24.27326862366563
38-39	23.97383967105733	25.7604665895572	26.11794037960489	24.14775335978058
40-41	24.00206635331303	25.800294557366342	26.113029897201706	24.084609192118922
42-43	23.99192370367004	25.818457694508616	25.961286086196004	24.228332515625333
44-45	24.12982064984521	25.764728359360657	25.99167521465815	24.113775776135988
46-47	24.023614853427446	25.7424163022256	26.14366475441387	24.090304089933078
48-49	24.01035120833662	25.792039030362616	25.925417503373883	24.272192257926882
50-51	24.038539141663627	25.78942437120177	25.988224151158335	24.183812335976267
52-53	23.988317570589075	25.837262422322794	26.067626718918447	24.106793288169683
54-55	23.974171641687192	25.78447608047241	25.9955375573461	24.2458147204943
56-57	24.123432697105905	25.74624858318972	26.00150631744342	24.12881240226096
58-59	24.068193369120447	25.820698405161064	25.992925429500996	24.118182796217496
60-61	23.947161453792702	25.774604258097543	26.068883390154955	24.209350897954792
62-63	24.202818573462377	25.764673693778086	25.92716598420523	24.10534174855431
64-65	24.054358392140276	25.837303265733176	26.025689543865898	24.08264879826065
66-67	24.179090910777322	25.741790909107777	25.982484552013013	24.096633628101888
68-69	24.148875586414658	25.8905433506282	25.870880257326824	24.089700805630322
70-71	24.093000650192042	25.885156236232117	25.97512574862518	24.04671736495066
72-73	24.079639926456537	25.86507260654433	25.841139441299738	24.214148025699394
74-75	24.195636497950403	25.85535980934156	25.81981552236645	24.129188170341585
76-77	24.12645884228579	25.945456081755523	25.976561955937367	23.95152312002132
78-79	24.20572118510263	25.822606111265905	25.850283272963686	24.12138943066778
80-81	24.269655617515824	25.82566826545821	25.8937368540797	24.010939262946266
82-83	24.140349049812976	25.960928592287274	25.900664210211094	23.998058147688656
84-85	24.356824356824358	25.91664020235449	25.76119718976862	23.965338251052536
86-87	24.372306787059028	25.91600563167474	25.732521436652476	23.97916614461376
88-89	24.313642904125704	25.970010232850697	25.790494674371768	23.925852188651834
90-91	24.378317304433967	26.025399283457602	25.612816434983387	23.983466977125047
92-93	24.474994989347724	26.07933161610238	25.600257584642904	23.845415809906985
94-95	24.438139721240137	26.157573149422557	25.602947123178915	23.80134000615839
96-97	24.562558778410725	26.06682235796261	25.437255727590934	23.933363136035734
98-99	24.62960249163858	26.181497097849498	25.380785519113015	23.808114891398912
100-101	24.762587698995432	26.218091851681436	25.287459750996543	23.73186069832659
>>END_MODULE
>>Per sequence GC content	warn
#GC Content	Count
0	0.0
1	0.0
2	0.0
3	0.0
4	0.5
5	0.5
6	1.0
7	1.0
8	0.5
9	0.5
10	1.0
11	1.5
12	4.0
13	7.5
14	7.0
15	7.5
16	18.0
17	29.5
18	56.0
19	100.0
20	195.5
21	368.5
22	569.0
23	846.5
24	1202.0
25	1713.0
26	2423.5
27	3256.5
28	4088.5
29	5174.5
30	6411.0
31	7533.5
32	8940.0
33	10294.5
34	11407.5
35	12375.0
36	13371.0
37	14595.0
38	15252.5
39	15591.0
40	15944.5
41	16040.5
42	16331.5
43	16530.0
44	16527.0
45	16363.5
46	16197.0
47	16077.0
48	15547.0
49	14751.0
50	14132.5
51	13615.5
52	13089.5
53	12664.5
54	12421.0
55	12364.0
56	12361.0
57	12384.0
58	12323.0
59	12317.0
60	12122.5
61	11986.5
62	11885.5
63	11335.0
64	10650.0
65	9859.5
66	9032.0
67	8412.5
68	7538.5
69	6197.5
70	4881.5
71	3721.0
72	2733.0
73	1920.5
74	1250.0
75	759.5
76	444.5
77	244.0
78	129.5
79	70.5
80	35.0
81	26.5
82	21.0
83	13.0
84	5.5
85	3.5
86	2.0
87	2.0
88	2.5
89	1.5
90	1.0
91	0.5
92	0.0
93	0.0
94	0.0
95	0.5
96	0.5
97	0.0
98	0.0
99	0.0
100	0.0
>>END_MODULE
>>Per base N content	pass
#Base	N-Count
1	0.14041557073272073
2	0.042662590843495066
3	0.0
4	0.0
5	0.0
6	0.0
7	0.0
8	0.0
9	0.0
10-11	0.0
12-13	0.0020403847794715035
14-15	0.11296312097255869
16-17	9.274476270325014E-5
18-19	0.001298426677845502
20-21	0.0
22-23	0.0
24-25	0.010851137236280266
26-27	9.274476270325015E-4
28-29	0.0028750876438007546
30-31	0.0
32-33	0.009645455321138016
34-35	0.02439187259095479
36-37	0.02643225737042629
38-39	0.009923689609247766
40-41	0.0
42-43	0.0010201923897357518
44-45	1.854895254065003E-4
46-47	0.008625262931402262
48-49	0.008625262931402262
50-51	0.02402089354014179
52-53	0.03431556220020256
54-55	0.0318114536072148
56-57	0.009459965795731516
58-59	0.0
60-61	0.0
62-63	0.002133129542174753
64-65	0.011500350575203018
66-67	0.008718007694105512
68-69	0.00612115433841451
70-71	0.007883304829776262
72-73	0.020960316370934533
74-75	0.06482858912957185
76-77	0.11695114576879843
78-79	0.14171399741056623
80-81	0.12733855919156245
82-83	0.27508096617783995
84-85	0.12112466009044469
86-87	0.06965131679014086
88-89	0.0303275374039628
90-91	0.10303943136331091
92-93	0.048598255656503074
94-95	0.0022258743048780036
96-97	0.002411363830284504
98-99	0.005750175287601509
100-101	0.023278935438515787
>>END_MODULE
>>Sequence Length Distribution	pass
#Length	Count
101	539114.0
>>END_MODULE
>>Sequence Duplication Levels	pass
#Total Deduplicated Percentage	87.37937910877173
#Duplication Level	Percentage of total
1	77.89599765484401
2	14.7494345833354
3	4.481071234780505
4	1.5918661960081317
5	0.5894496127659161
6	0.32244188956415787
7	0.15800536277940047
8	0.08253084645928542
9	0.05405041482299994
>10	0.07515220464019634
>50	0.0
>100	0.0
>500	0.0
>1k	0.0
>5k	0.0
>10k+	0.0
>>END_MODULE
>>Overrepresented sequences	pass
>>END_MODULE
>>Adapter Content	pass
#Position	Illumina Universal Adapter	Illumina Small RNA 3' Adapter	Illumina Small RNA 5' Adapter	Nextera Transposase Sequence	PolyA	PolyG
1	0.0	0.0	0.0	0.0	0.03338811457317006	1.854895254065003E-4
2	0.0	0.0	0.0	1.854895254065003E-4	0.039880247962397565	1.854895254065003E-4
3	0.0	0.0	0.0	1.854895254065003E-4	0.042848080368901566	1.854895254065003E-4
4	0.0	0.0	0.0	1.854895254065003E-4	0.047670808029470574	1.854895254065003E-4
5	0.0	0.0	0.0	1.854895254065003E-4	0.05119510901219408	1.854895254065003E-4
6	0.0	0.0	0.0	1.854895254065003E-4	0.05434843094410459	1.854895254065003E-4
7	0.0	0.0	0.0	1.854895254065003E-4	0.05805822145223459	1.854895254065003E-4
8	0.0	0.0	0.0	1.854895254065003E-4	0.0600986062317061	1.854895254065003E-4
9	0.0	0.0	0.0	1.854895254065003E-4	0.0625099700619906	1.854895254065003E-4
10-11	0.0	0.0	0.0	1.854895254065003E-4	0.0673326977225596	1.854895254065003E-4
12-13	0.0	0.0	0.0	1.854895254065003E-4	0.07363934158638061	1.854895254065003E-4
14-15	0.0	0.0	0.0	1.854895254065003E-4	0.08105892260264064	1.854895254065003E-4
16-17	0.0	0.0	0.0	1.854895254065003E-4	0.08680909789024213	1.854895254065003E-4
18-19	0.0	0.0	0.0	1.854895254065003E-4	0.09070437792377864	1.854895254065003E-4
20-21	0.0	0.0	0.0	1.854895254065003E-4	0.09682553226219315	5.564685762195009E-4
22-23	0.0	0.0	0.0	1.854895254065003E-4	0.10266845231249791	0.0010201923897357515
24-25	0.0	0.0	0.0	1.854895254065003E-4	0.10600726376981492	0.001298426677845502
26-27	0.0	0.0	0.0	1.854895254065003E-4	0.11045901237957093	0.001947640016768253
28-29	0.0	0.0	0.0	1.854895254065003E-4	0.11574546385365618	0.002411363830284504
30-31	0.0	0.0	0.0	1.854895254065003E-4	0.1187132962601602	0.002411363830284504
32-33	0.0	0.0	0.0	1.854895254065003E-4	0.12372151344613569	0.002689598118394254
34-35	0.0	9.274476270325014E-5	0.0	1.854895254065003E-4	0.12808051729318848	0.0036170457454267556
36-37	0.0	1.854895254065003E-4	0.0	1.854895254065003E-4	0.13253226590294448	0.004266259084349506
38-39	0.0	1.854895254065003E-4	0.0	1.854895254065003E-4	0.13605656688566797	0.004729982897865758
40-41	0.0	1.854895254065003E-4	0.0	1.854895254065003E-4	0.13967361263109473	0.005379196236788508
42-43	0.0	1.854895254065003E-4	0.0	1.854895254065003E-4	0.14412536124085074	0.005657430524898259
44-45	0.0	1.854895254065003E-4	0.0	1.854895254065003E-4	0.14783515174898074	0.00630664386382101
46-47	3.709790508130006E-4	2.7823428810975045E-4	0.0	1.854895254065003E-4	0.15302885846036274	0.007512325778963262
48-49	3.709790508130006E-4	3.709790508130006E-4	0.0	1.854895254065003E-4	0.1581298204090415	0.008439773405995762
50-51	3.709790508130006E-4	3.709790508130006E-4	0.0	1.854895254065003E-4	0.16211784520528127	0.009181731507621764
52-53	5.564685762195009E-4	3.709790508130006E-4	0.0	1.854895254065003E-4	0.16768253096747626	0.010201923897357516
54-55	7.419581016260012E-4	3.709790508130006E-4	0.0	1.854895254065003E-4	0.17194879005182578	0.010758392473577016
56-57	7.419581016260012E-4	3.709790508130006E-4	0.0	1.854895254065003E-4	0.1767715177123948	0.011593095337906268
58-59	0.0011129371524390018	3.709790508130006E-4	0.0	1.854895254065003E-4	0.18150150061026055	0.01279877725304852
60-61	0.0016694057286585026	3.709790508130006E-4	0.0	1.854895254065003E-4	0.1879008892367848	0.014282693456300522
62-63	0.0035243009827235056	3.709790508130006E-4	0.0	1.854895254065003E-4	0.19151793498221156	0.015673864896849275
64-65	0.005564685762195008	3.709790508130006E-4	0.0	1.854895254065003E-4	0.19569144930385782	0.01687954681199153
66-67	0.007419581016260012	3.709790508130006E-4	0.0	1.854895254065003E-4	0.19977221886280083	0.01817797348983703
68-69	0.01242779820223552	3.709790508130006E-4	0.0	1.854895254065003E-4	0.20376024365904055	0.020032868743902033
70-71	0.01780699443902403	3.709790508130006E-4	0.0	1.854895254065003E-4	0.20858297131960957	0.021238550659044283
72-73	0.026061278319613294	3.709790508130006E-4	0.0	1.854895254065003E-4	0.2132202094547721	0.022536977336889787
74-75	0.04127141940294632	3.709790508130006E-4	0.0	1.854895254065003E-4	0.21702274472560534	0.023742659252032037
76-77	0.0619535014857711	3.709790508130006E-4	0.0	1.854895254065003E-4	0.22101076952184512	0.024206383065548287
78-79	0.09599082939786391	3.709790508130006E-4	0.0	1.854895254065003E-4	0.22518428384349137	0.02504108592987754
80-81	0.150153770816562	3.709790508130006E-4	0.0	1.854895254065003E-4	0.2310272038937961	0.02578304403150354
82-83	0.22203096191158084	3.709790508130006E-4	0.0	1.854895254065003E-4	0.2360354210797716	0.027174215472052295
84-85	0.30717065407316446	3.709790508130006E-4	0.0	1.854895254065003E-4	0.24020893540141786	0.028287152624491295
86-87	0.42736786653657666	3.709790508130006E-4	0.0	1.854895254065003E-4	0.24660832402794214	0.03042028216666605
88-89	0.5689891191844396	3.709790508130006E-4	0.0	1.854895254065003E-4	0.2533786917052794	0.0323679221834343
90	0.7169170156961236	3.709790508130006E-4	0.0	1.854895254065003E-4	0.2561610345863769	0.03413007267479606
>>END_MODULE
