##FastQC	0.12.1
>>Basic Statistics	pass
#Measure	Value
Filename	HG00111.GRCh38DH.exome.chr21.fq.gz
File type	Conventional base calls
Encoding	Sanger / Illumina 1.9
Total Sequences	1034804
Total Bases	93.1 Mbp
Sequences flagged as poor quality	0
Sequence length	90
%GC	45
>>END_MODULE
>>Per base sequence quality	pass
#Base	Mean	Median	Lower Quartile	Upper Quartile	10th Percentile	90th Percentile
1	26.92177359190726	27.0	27.0	27.0	27.0	27.0
2	28.14233709958601	27.0	27.0	27.0	27.0	33.0
3	27.635234305240413	27.0	27.0	27.0	27.0	33.0
4	27.23760538227529	27.0	27.0	27.0	22.0	33.0
5	29.32418216396535	27.0	27.0	33.0	27.0	33.0
6	30.479940162581514	33.0	27.0	33.0	27.0	33.0
7	30.66390640159876	33.0	27.0	33.0	27.0	33.0
8	30.92633580852026	33.0	27.0	33.0	27.0	33.0
9	30.69208855010224	33.0	27.0	33.0	27.0	33.0
10-11	31.174245557612842	33.0	27.0	33.0	27.0	33.0
12-13	31.03758296257069	33.0	27.0	33.0	27.0	33.0
14-15	31.090855369712525	33.0	27.0	33.0	27.0	33.0
16-17	31.155961418780755	33.0	30.0	33.0	27.0	33.0
18-19	31.17644549112682	33.0	30.0	33.0	27.0	33.0
20-21	31.149839969694746	33.0	30.0	33.0	27.0	33.0
22-23	31.095841338069818	33.0	30.0	33.0	27.0	33.0
24-25	31.02258495328584	33.0	27.0	33.0	27.0	33.0
26-27	31.01542224421243	33.0	27.0	33.0	27.0	33.0
28-29	30.94557858299736	33.0	27.0	33.0	27.0	33.0
30-31	30.912387273338716	33.0	27.0	33.0	27.0	33.0
32-33	30.87778845075976	33.0	27.0	33.0	27.0	33.0
34-35	30.795068438081028	33.0	27.0	33.0	27.0	33.0
36-37	30.69062208882068	33.0	27.0	33.0	27.0	33.0
38-39	30.668265198047166	33.0	27.0	33.0	27.0	33.0
40-41	31.241803761871815	33.0	33.0	33.0	27.0	33.0
42-43	31.054567821539152	33.0	30.0	33.0	27.0	33.0
44-45	31.143207312689167	33.0	33.0	33.0	27.0	33.0
46-47	31.031691991913448	33.0	33.0	33.0	27.0	33.0
48-49	30.992072894963684	33.0	30.0	33.0	27.0	37.0
50-51	30.71459667724516	33.0	27.0	33.0	27.0	33.0
52-53	30.446348777159734	33.0	27.0	33.0	27.0	33.0
54-55	30.317991619669037	33.0	27.0	33.0	27.0	33.0
56-57	30.420934785717876	33.0	30.0	33.0	27.0	33.0
58-59	30.021981940541394	33.0	27.0	33.0	27.0	33.0
60-61	30.23695163528552	33.0	27.0	33.0	27.0	33.0
62-63	30.01573244788385	33.0	27.0	33.0	24.5	33.0
64-65	29.82477454667744	33.0	27.0	33.0	22.0	33.0
66-67	29.697491505637785	33.0	27.0	33.0	22.0	33.0
68-69	29.605440740468726	33.0	27.0	33.0	22.0	35.0
70-71	29.409731697983386	33.0	27.0	33.0	15.0	37.0
72-73	29.249142832845642	33.0	27.0	33.0	6.0	37.0
74-75	28.991138418483114	33.0	27.0	33.0	6.0	37.0
76-77	28.696891391993073	33.0	27.0	33.0	6.0	33.0
78-79	28.446261804167747	33.0	27.0	33.0	6.0	33.0
80-81	28.14289517628459	33.0	27.0	33.0	6.0	33.0
82-83	27.824302476604267	33.0	27.0	33.0	6.0	33.0
84-85	27.395849358912415	33.0	27.0	33.0	6.0	33.0
86-87	25.637371424926847	30.0	27.0	33.0	6.0	33.0
88-89	25.254570913912197	27.0	27.0	33.0	6.0	33.0
90	25.208444304428664	27.0	27.0	33.0	6.0	33.0
>>END_MODULE
>>Per sequence quality scores	pass
#Quality	Count
6	2272.0
7	507.0
8	926.0
9	1328.0
10	1513.0
11	2144.0
12	3003.0
13	3110.0
14	3801.0
15	4652.0
16	5230.0
17	5694.0
18	6754.0
19	7377.0
20	8466.0
21	10041.0
22	11495.0
23	12766.0
24	14451.0
25	16623.0
26	19212.0
27	24499.0
28	33335.0
29	51790.0
30	114165.0
31	457134.0
32	212430.0
33	86.0
>>END_MODULE
>>Per base sequence content	pass
#Base	G	A	T	C
1	21.46263757295499	32.120203916322396	25.58755468603498	20.82960382468764
2	22.879028789321325	30.272718046366414	26.705297293117532	20.142955871194733
3	22.33149638038749	27.892814230601555	27.954583021992203	21.821106367018754
4	22.126910916940133	27.562881106781028	28.010943165795542	22.299264810483297
5	22.326517512586324	28.20400287687442	27.82834649322929	21.64113311730997
6	22.771688760762355	27.736506043541333	26.51185175807279	22.97995343762352
7	22.590059878850667	27.757075097897477	27.630571844956687	22.022293178295175
8	21.651084622387504	28.095807827681984	27.823564999062565	22.429542550867946
9	21.882136461465162	27.598553838214272	27.991116600418074	22.528193099902488
10-11	22.07877742964886	27.917163571841375	27.694933403431595	22.309125595078175
12-13	21.868562618114325	27.71456328511288	27.93452780852308	22.48234628824971
14-15	21.97039769042448	27.760718852480405	27.87901984151147	22.389863615583643
16-17	22.07676361580501	27.68795875272413	27.79030379759069	22.444973833880173
18-19	22.202166326753076	27.50863722123903	27.712778736797635	22.57641771521026
20-21	22.226239479672785	27.510329400073086	27.592307231256758	22.67112388899738
22-23	22.362231288361052	27.466550152658805	27.505361303784014	22.665857255196126
24-25	22.35691270471761	27.405969549191177	27.487296055543638	22.74982169054757
26-27	22.467658354707588	27.290298762773812	27.54558176304248	22.696461119476115
28-29	22.50292491486214	27.344583241313085	27.43263272299546	22.71985912082931
30-31	22.554995652928245	27.313528986197138	27.376693219486288	22.754782141388326
32-33	22.59252780473096	27.253275294863517	27.386113677569497	22.768083222836026
34-35	22.6392274054874	27.256019096364515	27.348445810005096	22.75630768814299
36-37	22.6619143185272	27.161322691785667	27.27747294177697	22.899290047910164
38-39	22.667189373896964	27.15407665717447	27.27618132398003	22.902552644948535
40-41	22.761264551218503	27.179063549968024	27.23141240895141	22.82825948986206
42-43	22.763232861539713	27.157103941987216	27.16072829123531	22.918934905237766
44-45	22.85534588762628	27.01161483194606	27.201940285086934	22.931098995340722
46-47	22.914040507934544	27.072522581742813	27.115588362668973	22.897848547653666
48-49	22.928219655866933	26.927718908854857	27.12869439883533	23.01536703644288
50-51	22.92921954282516	26.96953569524384	27.06331217561918	23.037932586311825
52-53	22.983900782464598	26.911881757039207	27.15593377443118	22.948283686065015
54-55	23.053346190748943	26.95600685406592	27.003907977639695	22.986738977545443
56-57	23.14069920605189	26.815579267924257	27.005498422979784	23.03822310304407
58-59	23.10634568692536	26.915285304315418	26.98489117557066	22.993477833188564
60-61	23.132442253769064	26.852033655841073	26.947596280795494	23.067927809594373
62-63	23.17643187420179	26.79798190167255	26.92028356977839	23.105302654347266
64-65	23.187762495080104	26.870164118959412	26.889311814418214	23.05276157154227
66-67	23.335829910606424	26.74646049770476	26.84730611258758	23.07040347910123
68-69	23.340518387132633	26.773298664643253	26.776005142307564	23.110177805916553
70-71	23.34231941409078	26.76676045828045	26.761154226470502	23.129765901158265
72-73	23.43644555307403	26.710802370662567	26.72385455037658	23.128897525886824
74-75	23.45252236848337	26.701739701122072	26.66041950390633	23.185318426488227
76-77	23.38172218953975	26.758823179665566	26.657311477058116	23.202143153736575
78-79	23.50597474777986	26.710856038180392	26.56673714734489	23.216432066694857
80-81	23.480872792600806	26.700737415280397	26.610089434506474	23.208300357612327
82-83	23.562066522935325	26.683391299389932	26.484415844205795	23.270126333468948
84-85	23.59324407105977	26.672797343888927	26.444492471305963	23.289466113745334
86-87	23.698061691726995	26.663679150423857	26.421003882804285	23.217255275044863
88-89	23.698322332060417	26.6560270816427	26.35249924722197	23.293151339074907
90	23.70625395186412	26.51408362192818	26.304671079219045	23.474991346988656
>>END_MODULE
>>Per sequence GC content	warn
#GC Content	Count
0	0.0
1	0.0
2	0.0
3	1.5
4	3.5
5	6.0
6	9.5
7	12.5
8	19.0
9	31.0
10	38.0
11	44.0
12	48.5
13	74.5
14	145.0
15	263.5
16	432.5
17	689.0
18	1135.0
19	1849.0
20	2280.0
21	2705.5
22	3845.5
23	5286.0
24	6959.5
25	9289.0
26	11851.5
27	14222.0
28	16690.0
29	19414.5
30	20861.0
31	22232.5
32	24851.5
33	26976.0
34	28918.5
35	30653.5
36	31825.0
37	32910.0
38	33505.0
39	33978.5
40	34440.0
41	35051.5
42	35175.5
43	34759.5
44	34591.5
45	34187.5
46	33886.0
47	33284.5
48	32174.0
49	30842.5
50	30157.0
51	29718.5
52	28493.5
53	27124.5
54	26089.5
55	25624.0
56	25386.0
57	24631.0
58	23226.5
59	21814.5
60	21277.0
61	20513.5
62	18827.0
63	16877.5
64	14806.0
65	12986.0
66	11423.5
67	9692.0
68	7779.5
69	6140.5
70	5470.0
71	4823.5
72	3651.0
73	2759.0
74	2129.0
75	1599.0
76	1118.5
77	786.0
78	586.0
79	439.0
80	374.0
81	315.0
82	209.5
83	148.5
84	110.0
85	62.0
86	37.5
87	25.0
88	9.5
89	5.0
90	4.0
91	2.5
92	1.0
93	2.0
94	1.5
95	0.0
96	0.0
97	0.0
98	0.0
99	0.0
100	0.0
>>END_MODULE
>>Per base N content	pass
#Base	N-Count
1	0.025318804333960828
2	0.02116342805014283
3	0.02908763398672599
4	0.14157270362310156
5	0.03362955690159682
6	0.006088109439082183
7	0.004638559572634045
8	0.0063780194123718124
9	0.006281382754608602
10-11	0.0063780194123718124
12-13	0.030827093826463755
14-15	0.014978681953297436
16-17	0.006667929385661439
18-19	0.045660820793116376
20-21	0.036528656634493104
22-23	0.029715772262186847
24-25	0.008310752567635997
26-27	0.006764566043424648
28-29	0.015316910255468668
30-31	0.019279013223760248
32-33	0.008504025883162415
34-35	0.04551586580647156
36-37	0.035562290056861005
38-39	0.04305163103350973
40-41	0.038413071460875685
42-43	0.013094267126914855
44-45	0.05054097201015845
46-47	0.03285646363949115
48-49	0.03377451188824163
50-51	0.04150544450929838
52-53	0.018216009988364944
54-55	0.03686688493666434
56-57	0.04024916795837666
58-59	0.039476074696270985
60-61	0.08958218174649499
62-63	0.006522974399016625
64-65	0.07122121677148523
66-67	0.0052183795192133
68-69	0.02406252778303911
70-71	0.023289434520933433
72-73	0.047738508935025376
74-75	0.01942396821040506
76-77	0.042568447744693684
78-79	0.023337752849815038
80-81	0.0563874898048326
82-83	2.899099732896278E-4
84-85	0.06382851245259973
86-87	0.04831832888160463
88-89	0.0292325889733708
90	0.046578869041866866
>>END_MODULE
>>Sequence Length Distribution	pass
#Length	Count
90	1034804.0
>>END_MODULE
>>Sequence Duplication Levels	pass
#Total Deduplicated Percentage	84.37252652999969
#Duplication Level	Percentage of total
1	73.52339686013575
2	15.68535566783915
3	5.90311057909933
4	2.601775940370217
5	1.137761014823688
6	0.5471062326654472
7	0.2318667684630289
8	0.15289908849069028
9	0.08751288119071582
>10	0.08251189607330112
>50	0.0
>100	0.04670307084868491
>500	0.0
>1k	0.0
>5k	0.0
>10k+	0.0
>>END_MODULE
>>Overrepresented sequences	pass
>>END_MODULE
>>Adapter Content	pass
#Position	Illumina Universal Adapter	Illumina Small RNA 3' Adapter	Illumina Small RNA 5' Adapter	Nextera Transposase Sequence	PolyA	PolyG
1	0.09924584752281591	0.0	0.0	0.0	0.09673329442097248	9.663665776320927E-5
2	0.09943912083834233	0.0	0.0	0.0	0.11035906316558498	1.9327331552641854E-4
3	0.09943912083834233	0.0	0.0	0.0	0.12079582220401158	1.9327331552641854E-4
4	0.09943912083834233	0.0	0.0	0.0	0.13413168097533446	1.9327331552641854E-4
5	0.09963239415386875	0.0	0.0	0.0	0.15075318611060645	1.9327331552641854E-4
6	0.09963239415386875	0.0	0.0	0.0	0.1628327683310076	1.9327331552641854E-4
7	0.09982566746939517	0.0	0.0	0.0	0.1774249036532522	4.831832888160463E-4
8	0.09982566746939517	0.0	0.0	0.0	0.1875717527183892	5.798199465792556E-4
9	0.100212214100448	0.0	0.0	0.0	0.19945806162326393	6.764566043424648E-4
10-11	0.10069539738926406	0.0	0.0	0.0	0.21883371150478736	7.730932621056742E-4
12-13	0.1010819440203169	0.0	0.0	0.0	0.24275128430118165	0.0011113215642769066
14-15	0.10151680898025134	0.0	0.0	0.0	0.26657222043981277	0.0012562765509217205
16-17	0.10199999226906738	0.0	0.0	0.0	0.2878806034766004	0.0013529132086849297
18-19	0.10267644887340985	0.0	0.0	0.0	0.3066764334115446	0.0018844148263825805
20-21	0.10354617879327874	0.0	0.0	0.0	0.32358784852010625	0.0025125531018434406
22-23	0.10436759038426602	0.0	0.0	0.0	0.34088581025972065	0.00333396469283072
24-25	0.10504404698860847	0.0	0.0	0.0	0.35523635393755726	0.004107057954936394
26-27	0.10543059361966131	0.0	0.0	0.0	0.368717167695525	0.004735196230397254
28-29	0.1063486418684118	0.0	0.0	0.0	0.38181143482243984	0.005749881136910951
30-31	0.10745996343268871	0.0	0.0	0.0	0.39364942539843295	0.006764566043424649
32-33	0.11040738149446658	0.0	0.0	0.0	0.404521049396794	0.00802084259434637
34-35	0.13838369391691568	0.0	0.0	0.0	0.4161657666572607	0.009567029118557717
36-37	0.1604168518869274	0.0	0.0	0.0	0.4305163103350973	0.010823305669479439
38-39	0.16239790337107318	0.0	0.0	0.0	0.4431273941731961	0.012707720495862019
40-41	0.16442727318410055	0.0	0.0	0.0	0.45486874809142597	0.01430222534895497
42-43	0.16722973625923365	0.0	0.0	0.0	0.4658853270764318	0.016621505135271993
44-45	0.17046706429430114	0.0	0.0	0.0	0.4777716359813066	0.019230694894878643
46-47	0.17351111901384225	0.0	0.0	0.0	0.49091422143710306	0.022178112956656525
48-49	0.1765551737333833	0.0	0.0	0.0	0.5047332634972419	0.025608714307250455
50-51	0.179647546781806	0.0	0.0	0.0	0.5163296624288272	0.02874940568455476
52-53	0.18327142144792635	0.0	0.0	0.0	0.5287957912802811	0.033436283586070405
54-55	0.18694361444292834	0.0	0.0	0.0	0.5413102384606168	0.03792988817205964
56-57	0.19066412576681185	0.0	0.0	4.8318328881604635E-5	0.5507323125925296	0.043583132651207376
58-59	0.1940464087885242	0.0	0.0	1.9327331552641854E-4	0.5605892516843769	0.048414965539367846
60-61	0.19854001337451344	0.0	0.0	1.9327331552641854E-4	0.571702467327146	0.05339175341417312
62-63	0.2026470713294498	0.0	0.0	1.9327331552641854E-4	0.5828640012987967	0.06039791110200579
64-65	0.2065608559688598	0.0	0.0	1.9327331552641854E-4	0.5948469468614346	0.06822548038082574
66-67	0.20960491068840087	0.0	0.0	1.9327331552641854E-4	0.6062500724774933	0.07552154804194805
68-69	0.21240737376353397	0.0	0.0	1.9327331552641854E-4	0.6180397447246049	0.08402557392511045
70-71	0.21675602336287839	0.0	0.0	1.9327331552641854E-4	0.6299260536294795	0.09412410466136582
72-73	0.21980007808241947	0.0	0.0	1.9327331552641854E-4	0.6429720024275128	0.10364281545104193
74-75	0.22303740611748699	0.0	0.0	1.9327331552641854E-4	0.6544717647013347	0.11219515966308596
76-77	0.22661296245472573	0.0	0.0	1.9327331552641854E-4	0.6651017970552877	0.12060254888848516
78-79	0.23014020046308287	0.0	0.0	1.9327331552641854E-4	0.6766015593291097	0.13079771628250375
>>END_MODULE
