##FastQC	0.12.1
>>Basic Statistics	pass
#Measure	Value
Filename	HG04301.GRCh38DH.exome.chr21.fq.gz
File type	Conventional base calls
Encoding	Sanger / Illumina 1.9
Total Sequences	733499
Total Bases	73.3 Mbp
Sequences flagged as poor quality	0
Sequence length	100
%GC	47
>>END_MODULE
>>Per base sequence quality	pass
#Base	Mean	Median	Lower Quartile	Upper Quartile	10th Percentile	90th Percentile
1	29.521223614483457	27.0	27.0	33.0	27.0	33.0
2	29.096601358693057	27.0	27.0	33.0	27.0	33.0
3	27.4714689454246	27.0	27.0	27.0	27.0	33.0
4	31.501929791315327	33.0	33.0	33.0	27.0	33.0
5	32.31607541387241	33.0	33.0	33.0	27.0	33.0
6	32.47401564282978	33.0	33.0	33.0	27.0	37.0
7	32.75019461512559	33.0	33.0	33.0	27.0	37.0
8	32.76101126245571	33.0	33.0	33.0	27.0	37.0
9	32.17349035240675	33.0	33.0	33.0	27.0	33.0
10-11	32.19251696321331	33.0	33.0	33.0	30.0	33.0
12-13	31.899318881143667	33.0	33.0	33.0	27.0	33.0
14-15	32.2033908703352	33.0	33.0	33.0	30.0	33.0
16-17	32.164506700077304	33.0	33.0	33.0	30.0	33.0
18-19	32.17192934141696	33.0	33.0	33.0	33.0	33.0
20-21	32.141613008334026	33.0	33.0	33.0	33.0	33.0
22-23	32.16138672309029	33.0	33.0	33.0	33.0	33.0
24-25	32.097030125467114	33.0	33.0	33.0	30.0	33.0
26-27	31.953347584659284	33.0	33.0	33.0	27.0	33.0
28-29	31.78063432942649	33.0	33.0	33.0	27.0	33.0
30-31	31.785172849588072	33.0	33.0	33.0	27.0	33.0
32-33	31.69569488165628	33.0	33.0	33.0	27.0	33.0
34-35	31.815286728407266	33.0	33.0	33.0	27.0	33.0
36-37	31.86578509309488	33.0	33.0	33.0	27.0	33.0
38-39	31.87631135148105	33.0	33.0	33.0	27.0	33.0
40-41	31.8095852891415	33.0	33.0	33.0	27.0	33.0
42-43	31.801845673954567	33.0	33.0	33.0	27.0	33.0
44-45	31.737715388841703	33.0	33.0	33.0	27.0	33.0
46-47	31.776677950481186	33.0	33.0	33.0	27.0	33.0
48-49	31.81683206112074	33.0	33.0	33.0	27.0	33.0
50-51	31.733145512127486	33.0	33.0	33.0	27.0	33.0
52-53	31.819996346279954	33.0	33.0	33.0	27.0	33.0
54-55	31.79706720799892	33.0	33.0	33.0	27.0	33.0
56-57	31.785108773154427	33.0	33.0	33.0	27.0	33.0
58-59	31.896915333217905	33.0	33.0	33.0	27.0	33.0
60-61	31.832874346113627	33.0	33.0	33.0	27.0	33.0
62-63	31.628778635008366	33.0	33.0	33.0	27.0	33.0
64-65	31.793954729317967	33.0	33.0	33.0	27.0	33.0
66-67	31.86403185280416	33.0	33.0	33.0	27.0	37.0
68-69	31.865973914074864	33.0	33.0	33.0	27.0	35.0
70-71	31.756015345624192	33.0	33.0	33.0	27.0	37.0
72-73	31.89050837151789	33.0	33.0	33.0	27.0	37.0
74-75	31.77977543255001	33.0	33.0	33.0	27.0	37.0
76-77	31.738117570712433	33.0	33.0	33.0	27.0	37.0
78-79	31.97245122351905	33.0	33.0	33.0	27.0	37.0
80-81	31.982655054744452	33.0	33.0	35.0	27.0	37.0
82-83	32.02885961671386	33.0	33.0	37.0	27.0	37.0
84-85	32.08163814810926	33.0	33.0	37.0	27.0	37.0
86-87	32.013813924763355	33.0	33.0	37.0	27.0	37.0
88-89	31.809942481175845	33.0	33.0	37.0	27.0	37.0
90-91	31.84300114928582	33.0	33.0	37.0	27.0	37.0
92-93	31.590603395505653	33.0	33.0	37.0	27.0	37.0
94-95	31.3464442350978	33.0	33.0	35.0	27.0	37.0
96-97	30.543675587833114	33.0	33.0	33.0	27.0	35.0
98-99	28.997840487853427	33.0	30.0	33.0	22.0	33.0
100	29.630476660499877	33.0	33.0	33.0	22.0	33.0
>>END_MODULE
>>Per sequence quality scores	pass
#Quality	Count
6	1983.0
7	566.0
8	643.0
9	786.0
10	977.0
11	1144.0
12	1446.0
13	1626.0
14	1740.0
15	1854.0
16	1924.0
17	2029.0
18	2208.0
19	2356.0
20	2519.0
21	2644.0
22	3005.0
23	3414.0
24	3920.0
25	5014.0
26	6801.0
27	9119.0
28	12658.0
29	18421.0
30	28941.0
31	53321.0
32	223433.0
33	339006.0
34	1.0
>>END_MODULE
>>Per base sequence content	warn
#Base	G	A	T	C
1	14.825687772746884	28.459345352857323	28.77203139422473	27.94293548017106
2	25.515638934114392	30.13245845844208	24.651809065645615	19.700093541797912
3	23.836055022853465	26.825822779286796	26.216851567016832	23.121270630842904
4	22.399715283857084	26.290972261993396	26.597505733866768	24.711806720282752
5	22.308339480778383	26.624050441320644	28.195432846037523	22.872177231863446
6	23.230835930534084	26.372562653207577	26.412100092435807	23.984501323822535
7	23.822501680338874	26.206469679597213	26.744859799068283	23.226168840995634
8	22.452616165720034	26.794941361567766	27.426316808411432	23.326125664300772
9	22.539022930445178	26.32127163831548	27.687772928740973	23.45193250249837
10-11	23.008184171814438	26.788404461416597	26.814580723091964	23.388830643677
12-13	22.965436708951362	26.842976738986245	26.782511600512898	23.409074951549496
14-15	23.111998205814604	26.797440422751524	26.733771381788607	23.35678998964526
16-17	23.095323142699772	26.66145410124829	26.909448604195862	23.333774151856073
18-19	23.13808974579206	26.535936217610505	26.730007334756657	23.59596670184078
20-21	23.239171631515084	26.480729116961378	26.755170486305197	23.524928765218338
22-23	23.23977409448631	26.55834926737492	26.65889562606298	23.54298101207579
24-25	23.387708080546428	26.425922643798827	26.61086040709485	23.5755088685599
26-27	23.4371144168722	26.473174662254745	26.484286273274737	23.605424647598326
28-29	23.454238450458533	26.572858347483887	26.45206457149908	23.520838630558508
30-31	23.39746451970461	26.483955387435486	26.36609106978399	23.752489023075913
32-33	23.69386528076392	26.453241460924005	26.265438368546697	23.58745488976538
34-35	23.49695522445037	26.498579695542894	26.32897482444737	23.675490255559364
36-37	23.531785661941395	26.346088954179976	26.396397931742033	23.725727452136596
38-39	23.504076862196534	26.50802318027291	26.278769981260275	23.709129976270283
40-41	23.553339009521135	26.383570776585657	26.416496301502374	23.646593912390838
42-43	23.551142057407592	26.34510271222444	26.35744154054021	23.746313689827762
44-45	23.60203607925903	26.35402883695755	26.274407149045935	23.769527934737482
46-47	23.573116752708565	26.453912651056193	26.300121138084464	23.67284945815078
48-49	23.615698352546914	26.33723058548766	26.262448608693933	23.78462245327149
50-51	23.64772791567851	26.336354780678644	26.29838502423725	23.7175322794056
52-53	23.6347089860526	26.326298280774946	26.33959125799283	23.699401475179627
54-55	23.636673494916305	26.29607790339788	26.324845171427697	23.742403430258122
56-57	23.73950353188513	26.34584524603217	26.22750221211489	23.687149009967808
58-59	23.61807298153477	26.308541916765684	26.39982166704501	23.673563434654536
60-61	23.620053676982362	26.228575051314895	26.254138765293067	23.897232506409676
62-63	23.73215044109637	26.236729785611008	26.306604413486006	23.724515359806613
64-65	23.667216788041028	26.36635629459511	26.242561943189575	23.723864974174287
66-67	23.76010972769861	26.288700555728255	26.246911863353024	23.704277853220116
68-69	23.75806342763928	26.304957930090943	26.229904912393838	23.70707372987594
70-71	23.70639262402645	26.296845441996012	26.235697121529732	23.761064812447806
72-73	23.709134933283888	26.16161836502922	26.303135323205375	23.826111378481514
74-75	23.837878702151606	26.162973405383	26.309944912952105	23.68920297951329
76-77	23.762837227533787	26.28171174395419	26.225062631013856	23.730388397498167
78-79	23.830584661655365	26.18690058495478	26.234823112701104	23.747691640688746
80-81	23.82773782337503	26.23647704420737	26.166740516036676	23.769044616380928
82-83	23.7221065260589	26.295855729345963	26.325508788553236	23.656528956041896
84-85	23.89675832539724	26.141996159318087	26.2469093554076	23.714336159877075
86-87	23.793065602122542	26.21842105801343	26.261640894964206	23.726872444899822
88-89	23.868597215973388	26.20345753745893	26.210001772396964	23.71794347417072
90-91	23.830785979316225	26.22228342264581	26.133800334981427	23.81313026305654
92-93	23.806258188803646	26.2242815326032	26.16790575223833	23.801554526354828
94-95	23.832539597055565	26.275170393114195	26.173050415092487	23.719239594737754
96-97	23.868038679023414	26.1677158993691	26.18714403062146	23.77710139098603
98-99	23.869060685346703	26.286235119757745	26.130939314653297	23.713764880242255
100	23.80495307071842	26.355250025905182	26.2052726588533	23.6345242445231
>>END_MODULE
>>Per sequence GC content	warn
#GC Content	Count
0	0.0
1	0.0
2	0.0
3	0.5
4	1.5
5	2.0
6	5.0
7	10.0
8	14.5
9	14.5
10	21.0
11	29.5
12	34.5
13	54.5
14	79.5
15	110.5
16	162.5
17	263.0
18	420.0
19	636.5
20	983.0
21	1552.5
22	2247.5
23	3001.5
24	4018.5
25	5207.5
26	6548.0
27	8025.5
28	9473.0
29	11069.5
30	12716.5
31	14062.0
32	15290.0
33	16521.0
34	17643.5
35	18282.0
36	18699.0
37	19441.5
38	19814.0
39	19590.5
40	19423.5
41	19266.0
42	18953.0
43	18763.0
44	18471.0
45	18295.5
46	18235.0
47	18269.5
48	18224.5
49	17997.0
50	17649.0
51	16944.5
52	16378.0
53	15943.5
54	15612.0
55	15491.5
56	15370.0
57	15147.5
58	15051.5
59	15192.5
60	15380.5
61	15603.5
62	15619.5
63	15513.5
64	14916.5
65	13893.0
66	12778.5
67	11725.5
68	10711.5
69	9202.0
70	7466.0
71	5842.0
72	4440.5
73	3268.0
74	2338.0
75	1566.5
76	998.5
77	615.0
78	341.0
79	195.0
80	127.0
81	84.0
82	53.0
83	28.0
84	20.5
85	17.0
86	12.5
87	6.0
88	2.5
89	3.0
90	2.5
91	1.0
92	1.0
93	1.0
94	0.5
95	0.0
96	0.0
97	0.5
98	0.5
99	0.0
100	0.0
>>END_MODULE
>>Per base N content	pass
#Base	N-Count
1	0.1547377706036409
2	0.01867759874246591
3	0.017859601717248423
4	0.01867759874246591
5	0.01799593455478467
6	0.0023176582381162075
7	0.00218132540057996
8	0.0028629895882611974
9	0.00272665675072495
10-11	0.001363328375362475
12-13	0.0025221574944205784
14-15	0.0025221574944205784
16-17	0.002044992563043712
18-19	6.816641876812375E-4
20-21	0.0012269955378262274
22-23	8.861634439856088E-4
24-25	0.0012269955378262274
26-27	0.00436265080115992
28-29	0.002385824656884331
30-31	0.003885485869783054
32-33	0.0024539910756524548
34-35	0.004021818707319301
36-37	0.004294484382391796
38-39	0.004158151544855549
40-41	0.003476487357174311
42-43	0.005725979176522395
44-45	0.004158151544855549
46-47	0.005248814245145528
48-49	0.004567150057464291
50-51	0.0027948231694930733
52-53	0.003953652288551177
54-55	0.0036128201947105585
56-57	0.005180647826377405
58-59	0.005385147082681776
60-61	0.005112481407609281
62-63	0.005794145595290519
64-65	0.0033401545196380636
66-67	0.006407643364203632
68-69	0.002385824656884331
70-71	0.004976148570073034
72-73	0.0024539910756524548
74-75	0.003203821682101816
76-77	0.004976148570073034
78-79	0.003203821682101816
80-81	0.00327198810086994
82-83	0.002249491819348084
84-85	0.004839815732536786
86-87	0.005385147082681776
88-89	0.003953652288551177
90-91	0.003476487357174311
92-93	0.0038173194510149294
94-95	0.00654397620173988
96-97	0.0036128201947105585
98-99	0.008179970252174849
100	0.0074983060644936116
>>END_MODULE
>>Sequence Length Distribution	pass
#Length	Count
100	733499.0
>>END_MODULE
>>Sequence Duplication Levels	pass
#Total Deduplicated Percentage	88.90835124194972
#Duplication Level	Percentage of total
1	80.42252011499794
2	13.426429387063374
3	3.780912928739888
4	1.3045212770356673
5	0.5775362775969537
6	0.23433500978484548
7	0.11673117068714428
8	0.04814297028472387
9	0.040566195843378866
>10	0.048304667966063114
>50	0.0
>100	0.0
>500	0.0
>1k	0.0
>5k	0.0
>10k+	0.0
>>END_MODULE
>>Overrepresented sequences	pass
>>END_MODULE
>>Adapter Content	pass
#Position	Illumina Universal Adapter	Illumina Small RNA 3' Adapter	Illumina Small RNA 5' Adapter	Nextera Transposase Sequence	PolyA	PolyG
1	0.0	0.0	0.0	0.0	0.08561702197276343	1.363328375362475E-4
2	0.0	0.0	0.0	1.363328375362475E-4	0.1002046355891419	1.363328375362475E-4
3	0.0	0.0	0.0	1.363328375362475E-4	0.11097492975450546	2.72665675072495E-4
4	0.0	0.0	0.0	1.363328375362475E-4	0.12119989256972402	2.72665675072495E-4
5	0.0	0.0	0.0	1.363328375362475E-4	0.13047052552218885	2.72665675072495E-4
6	0.0	0.0	0.0	1.363328375362475E-4	0.14205881671276988	5.4533135014499E-4
7	0.0	0.0	0.0	1.363328375362475E-4	0.15214744669045221	5.4533135014499E-4
8	0.0	0.0	0.0	2.72665675072495E-4	0.16155441248045327	5.4533135014499E-4
9	0.0	0.0	0.0	2.72665675072495E-4	0.1708250454329181	5.4533135014499E-4
10-11	0.0	0.0	0.0	4.089985126087425E-4	0.18786665012494905	6.816641876812374E-4
12-13	0.0	0.0	0.0	4.089985126087425E-4	0.2061352503548062	6.816641876812374E-4
14-15	0.0	0.0	0.0	4.089985126087425E-4	0.22235885802161967	8.861634439856087E-4
16-17	0.0	0.0	0.0	4.089985126087425E-4	0.23449248056234567	0.00109066270028998
18-19	0.0	0.0	0.0	4.089985126087425E-4	0.24601260533415859	0.0017723268879712177
20-21	0.0	0.0	0.0	4.089985126087425E-4	0.2597822219253196	0.0024539910756524548
22-23	0.0	0.0	0.0	4.089985126087425E-4	0.2723930093974225	0.002522157494420579
24-25	0.0	0.0	0.0	4.089985126087425E-4	0.2830951371440179	0.0029993224257974446
26-27	0.0	0.0	0.0	4.089985126087425E-4	0.2936609320530771	0.0036128201947105585
28-29	0.0	0.0	0.0	4.089985126087425E-4	0.30811221283191936	0.004567150057464291
30-31	0.0	0.0	0.0	4.089985126087425E-4	0.320041336116341	0.005589646338986147
32-33	0.0	0.0	0.0	4.089985126087425E-4	0.33217495865706703	0.006475809782971756
34-35	0.0	0.0	0.0	4.089985126087425E-4	0.34417224836025684	0.007566472483261736
36-37	0.0	0.0	0.0	4.089985126087425E-4	0.35487437610685224	0.00872530160231984
38-39	0.0	0.0	0.0	4.089985126087425E-4	0.36946198972323074	0.010702127746595428
40-41	0.0	0.0	0.0	4.089985126087425E-4	0.3819364443577974	0.01254262105333477
42-43	0.0	0.0	0.0	4.089985126087425E-4	0.39434273257359587	0.01417861510376974
44-45	0.0	0.0	0.0	4.089985126087425E-4	0.4062718558580175	0.015064778547755349
46-47	0.0	0.0	0.0	4.089985126087425E-4	0.4205868037993235	0.015882775572972834
48-49	1.363328375362475E-4	0.0	0.0	4.089985126087425E-4	0.4329249255963539	0.018473099486161534
50-51	1.363328375362475E-4	0.0	0.0	4.089985126087425E-4	0.4451948809746162	0.02058625846797337
52-53	1.363328375362475E-4	0.0	0.0	4.089985126087425E-4	0.4609413237100528	0.02290391670608958
54-55	1.363328375362475E-4	0.0	0.0	4.089985126087425E-4	0.4768240992830256	0.025221574944205787
56-57	1.363328375362475E-4	0.0	0.0	4.089985126087425E-4	0.4925705420184622	0.027743732438626365
58-59	4.089985126087425E-4	0.0	0.0	4.089985126087425E-4	0.506749157122232	0.030879387701960057
60-61	6.816641876812374E-4	0.0	0.0	4.089985126087425E-4	0.5198371095257117	0.03367421087145313
62-63	6.816641876812374E-4	0.0	0.0	4.7716493137686623E-4	0.5353108865860758	0.03667353329725058
64-65	0.00109066270028998	0.0	0.0	5.4533135014499E-4	0.5512618285778168	0.04233134605500485
66-67	0.0017723268879712177	0.0	0.0	5.4533135014499E-4	0.5663947735443402	0.046421331181092276
68-69	0.002590323913188702	0.0	0.0	5.4533135014499E-4	0.5811868864170231	0.04989781853826658
70-71	0.004089985126087424	0.0	0.0	5.4533135014499E-4	0.5953655015207928	0.05316980663913652
72-73	0.006407643364203632	0.0	0.0	5.4533135014499E-4	0.6097486158808669	0.05746429102152832
74-75	0.008793468021087963	0.0	0.0	5.4533135014499E-4	0.6242680630784773	0.06121344405377513
76-77	0.012269955378262275	0.0	0.0	6.134977689131137E-4	0.640014505813914	0.06462176499218131
78-79	0.017995934554784668	0.0	0.0	6.816641876812374E-4	0.6578741075311623	0.06823458518689188
80-81	0.02638040406326389	0.0	0.0	6.816641876812374E-4	0.6716437241223232	0.07252906956928368
82-83	0.03755969674123619	0.0	0.0	6.816641876812374E-4	0.6865721698325424	0.07641455543906672
84-85	0.04928432076935347	0.0	0.0	7.498306064493612E-4	0.7024549454055152	0.08084537265899477
86-87	0.06741658816167438	0.0	0.0	8.17997025217485E-4	0.7182013881409518	0.0843900264349372
88-89	0.09297899519972079	0.0	0.0	8.17997025217485E-4	0.7344931622265334	0.08902534291116962
>>END_MODULE
