##FastQC	0.12.1
>>Basic Statistics	pass
#Measure	Value
Filename	HG00251.GRCh38DH.exome.chr21.fq.gz
File type	Conventional base calls
Encoding	Sanger / Illumina 1.9
Total Sequences	1235093
Total Bases	111.1 Mbp
Sequences flagged as poor quality	0
Sequence length	90
%GC	45
>>END_MODULE
>>Per base sequence quality	pass
#Base	Mean	Median	Lower Quartile	Upper Quartile	10th Percentile	90th Percentile
1	26.837341803410755	27.0	27.0	27.0	27.0	27.0
2	27.43980574742145	27.0	27.0	27.0	27.0	33.0
3	27.201583200617282	27.0	27.0	27.0	22.0	33.0
4	26.419359513817987	27.0	27.0	27.0	22.0	27.0
5	29.220219853889546	27.0	27.0	33.0	27.0	33.0
6	29.958914834753333	33.0	27.0	33.0	27.0	33.0
7	29.886435272485553	33.0	27.0	33.0	27.0	33.0
8	30.3287056116422	33.0	27.0	33.0	27.0	33.0
9	29.893286578419602	33.0	27.0	33.0	27.0	33.0
10-11	30.595529243546842	33.0	27.0	33.0	27.0	33.0
12-13	30.924559931924158	33.0	27.0	33.0	27.0	33.0
14-15	30.961330037495152	33.0	27.0	33.0	27.0	33.0
16-17	30.996451684205155	33.0	27.0	33.0	27.0	33.0
18-19	30.928370576142846	33.0	27.0	33.0	27.0	33.0
20-21	30.962795919011768	33.0	27.0	33.0	27.0	33.0
22-23	30.957862687263226	33.0	27.0	33.0	27.0	33.0
24-25	30.88476535775039	33.0	27.0	33.0	27.0	33.0
26-27	30.80411191707831	33.0	27.0	33.0	27.0	33.0
28-29	30.758526281016895	33.0	27.0	33.0	27.0	33.0
30-31	30.696124502365407	33.0	27.0	33.0	27.0	33.0
32-33	30.634319844740435	33.0	27.0	33.0	27.0	33.0
34-35	30.57419562737381	33.0	27.0	33.0	27.0	33.0
36-37	30.579783465698533	33.0	27.0	33.0	27.0	33.0
38-39	30.499829162662245	33.0	27.0	33.0	27.0	33.0
40-41	30.41330531385086	33.0	27.0	33.0	27.0	33.0
42-43	30.367088146398693	33.0	27.0	33.0	27.0	33.0
44-45	30.279602426699853	33.0	27.0	33.0	27.0	33.0
46-47	30.21866814887624	33.0	27.0	33.0	27.0	33.0
48-49	30.074163645976455	33.0	27.0	33.0	27.0	33.0
50-51	30.030812659451556	33.0	27.0	33.0	27.0	33.0
52-53	30.085061205917285	33.0	27.0	33.0	27.0	33.0
54-55	30.155677750582345	33.0	27.0	33.0	27.0	33.0
56-57	30.028175611067347	33.0	27.0	33.0	27.0	33.0
58-59	29.88830476733331	33.0	27.0	33.0	27.0	33.0
60-61	29.78450084325634	33.0	27.0	33.0	27.0	33.0
62-63	29.61773647814375	33.0	27.0	33.0	22.0	33.0
64-65	29.522121411100215	33.0	27.0	33.0	22.0	33.0
66-67	29.332330439894	33.0	27.0	33.0	22.0	33.0
68-69	29.295236067243522	33.0	27.0	33.0	22.0	33.0
70-71	29.15122262048283	33.0	27.0	33.0	22.0	33.0
72-73	28.982581473621824	33.0	27.0	33.0	15.0	33.0
74-75	28.927319643136187	33.0	27.0	33.0	15.0	33.0
76-77	28.751670926804703	33.0	27.0	33.0	6.0	33.0
78-79	28.572216019360482	33.0	27.0	33.0	6.0	33.0
80-81	28.403341286850463	33.0	27.0	33.0	6.0	33.0
82-83	28.094432564997128	33.0	27.0	33.0	6.0	33.0
84-85	27.821179052913422	33.0	27.0	33.0	6.0	33.0
86-87	26.02260720447772	30.0	27.0	33.0	6.0	33.0
88-89	25.79772737761448	27.0	27.0	33.0	6.0	33.0
90	25.88628224757164	27.0	27.0	33.0	6.0	33.0
>>END_MODULE
>>Per sequence quality scores	pass
#Quality	Count
6	3914.0
7	724.0
8	1211.0
9	1599.0
10	2070.0
11	2798.0
12	3847.0
13	3933.0
14	4386.0
15	5158.0
16	5890.0
17	6425.0
18	7303.0
19	8350.0
20	9389.0
21	10735.0
22	12382.0
23	13833.0
24	15756.0
25	18712.0
26	22664.0
27	29387.0
28	43672.0
29	76177.0
30	245253.0
31	628079.0
32	51441.0
33	5.0
>>END_MODULE
>>Per base sequence content	pass
#Base	G	A	T	C
1	22.088605436930404	32.705281223057675	24.911633238566715	20.294480101445206
2	22.86259878898212	30.317477156756116	26.673247874806954	20.146676179454808
3	22.67442472537039	27.86325409261891	28.102960290562784	21.359360891447913
4	22.274364167443398	27.612790585621077	28.09478190945333	22.018063337482193
5	22.55506058547196	28.307582921885516	27.619978507806913	21.517377984835615
6	22.839307256961032	27.84201960990697	26.32617865904509	22.992494474086907
7	22.545931801031827	27.817684836433237	27.618104562251233	22.018278800283703
8	21.590537385069293	28.093291835749888	27.843512871915614	22.47265790726521
9	21.88544964334583	27.549814183581763	27.98711025107482	22.577625921997587
10-11	21.962048171310318	27.983542926356904	27.755503233767204	22.29890566856558
12-13	21.911103050539513	27.74527910044021	27.973844884555255	22.369772964465025
14-15	21.892093868311026	27.743560803567668	28.016941248101357	22.34740408001995
16-17	21.9999222730596	27.738720889843922	27.83620342759614	22.425153409500336
18-19	22.13311925951835	27.425333255606077	27.762920536836244	22.67862694803933
20-21	22.23036829374437	27.461940955600312	27.677512726831093	22.630178023824225
22-23	22.333178551345853	27.41523662009578	27.63639808415795	22.61518674440042
24-25	22.30165849993361	27.34071631910821	27.6152302824405	22.74239489851768
26-27	22.409954906101948	27.31688675193174	27.592534792013048	22.680623549953264
28-29	22.493336507196247	27.37804917544337	27.42865285712435	22.699961460236032
30-31	22.636142707296365	27.28149377344749	27.39966487824409	22.682698641012053
32-33	22.63214635171258	27.203269101300766	27.439205330507065	22.72537921647959
34-35	22.621658800734856	27.261303582865143	27.37158046528424	22.745457151115765
36-37	22.63298416072061	27.25372197763271	27.317524416780525	22.795769444866153
38-39	22.713929392541697	27.124638523707134	27.335765374305844	22.825666709445326
40-41	22.800192706309108	27.197742583236174	27.24498801658246	22.757076693872264
42-43	22.82092950570921	27.133970083124026	27.18267366897108	22.862426742195684
44-45	22.82053607359251	27.099060174880186	27.19930171001695	22.88110204151036
46-47	22.898513759165017	27.111121907376145	27.128773800703648	22.861590532755194
48-49	22.923943271932853	27.0070474854036	27.139681265964335	22.92932797669921
50-51	22.958991361339105	26.996533928110892	27.159857535173888	22.884617175376114
52-53	22.93576681639767	27.021054783733504	27.171339097201	22.87183930266783
54-55	22.96866010818698	26.956825208918445	27.095814019772607	22.978700663121973
56-57	23.118801318714596	26.904215052666398	27.031058133645562	22.945925494973444
58-59	23.04666671255211	26.967564523371006	27.051413426918046	22.93435533715883
60-61	23.079327356166406	26.882271134494353	27.00535029990425	23.03305120943499
62-63	23.16517531451188	26.86348844421377	26.958750907888117	23.012585333386234
64-65	23.140697627812802	26.919039238477428	26.973857074436065	22.96640605927371
66-67	23.255308355677947	26.793496897394796	26.93398153295053	23.017213213976724
68-69	23.25970147803514	26.8334955441945	26.902887245368085	23.00391573240228
70-71	23.364709216412624	26.87787696605332	26.789700613347904	22.96771320418615
72-73	23.284954840757447	26.846642378231582	26.793444794551665	23.074957986459314
74-75	23.415512986868396	26.784102801827537	26.79369796295134	23.00668624835273
76-77	23.410682989215957	26.8636244205051	26.75188529411884	22.9738072961601
78-79	23.465684970633735	26.829070801708983	26.66554926273608	23.03969496492121
80-81	23.478954410838888	26.75070192449782	26.733576383757864	23.036767280905426
82-83	23.538902280929474	26.838917908725573	26.689644115406008	22.932535694938945
84-85	23.562588080307783	26.747345293429643	26.569939762279827	23.12012686398275
86-87	23.56670595098758	26.755335063138986	26.58140983883982	23.096549147033617
88-89	23.64996388675664	26.74359759158675	26.558254062335017	23.04818445932159
90	23.770773212070566	26.608577785982877	26.479104521118963	23.14154448082759
>>END_MODULE
>>Per sequence GC content	warn
#GC Content	Count
0	0.0
1	0.5
2	2.5
3	7.0
4	6.0
5	5.0
6	11.5
7	16.0
8	21.5
9	28.0
10	30.0
11	41.5
12	64.0
13	104.0
14	184.5
15	331.5
16	498.5
17	771.0
18	1408.0
19	2229.5
20	2615.0
21	3190.0
22	4504.0
23	6150.5
24	8232.0
25	10798.5
26	13706.5
27	16670.0
28	19723.0
29	22931.5
30	24535.0
31	26117.0
32	29288.0
33	32146.5
34	34421.5
35	36594.0
36	38301.0
37	39188.0
38	39959.5
39	41156.0
40	41928.0
41	42314.5
42	42487.5
43	42478.0
44	42275.5
45	41370.5
46	41085.0
47	40479.5
48	39091.5
49	37629.5
50	36737.0
51	35947.0
52	34229.5
53	32874.0
54	31877.5
55	30977.0
56	30536.0
57	29658.5
58	28013.5
59	26210.5
60	25284.0
61	24271.0
62	22038.5
63	19667.5
64	17357.0
65	15046.0
66	12883.5
67	10783.0
68	8676.5
69	6742.5
70	5825.0
71	5125.0
72	3824.5
73	2836.0
74	2133.0
75	1585.0
76	1171.5
77	826.0
78	573.5
79	426.0
80	366.0
81	295.5
82	184.5
83	124.0
84	75.0
85	40.5
86	28.0
87	16.0
88	9.5
89	6.0
90	4.0
91	2.5
92	0.5
93	0.0
94	0.0
95	0.0
96	0.0
97	1.0
98	1.0
99	0.0
100	0.0
>>END_MODULE
>>Per base N content	pass
#Base	N-Count
1	0.2667815298119251
2	0.021374908610120858
3	0.020079459603446866
4	0.017488561590098883
5	0.01829821721927013
6	2.4289668875137339E-4
7	8.096556291712446E-5
8	8.096556291712446E-5
9	2.4289668875137339E-4
10-11	8.096556291712446E-5
12-13	0.0
14-15	8.096556291712446E-5
16-17	0.0
18-19	4.048278145856223E-4
20-21	4.453105960441846E-4
22-23	0.0018217251656353001
24-25	8.096556291712446E-5
26-27	2.833794702099356E-4
28-29	4.048278145856223E-4
30-31	0.0015788284768839269
32-33	0.0010930350993811802
34-35	0.0016193112583424891
36-37	0.002469449668972296
38-39	0.004331657616066158
40-41	0.004291174834607596
42-43	0.0057485549671158365
44-45	0.0061533827817014585
46-47	0.007934625165878197
48-49	0.009189591391093627
50-51	0.009837315894430623
52-53	0.008137039073171008
54-55	0.008218004636088133
56-57	0.008298970199005256
58-59	0.010808902649436115
60-61	0.009351522516927875
62-63	0.0068011072850384545
64-65	0.007570280132751137
66-67	0.006679658940662767
68-69	0.0060724172187843345
70-71	0.0055056582783644635
72-73	0.006031934437325772
74-75	0.007732211258585387
76-77	0.005950968874408648
78-79	0.00708448675524839
80-81	0.007732211258585387
82-83	0.009230074172552189
84-85	0.00562710662274015
86-87	0.006436762251911395
88-89	0.007205935099624077
90	0.007205935099624077
>>END_MODULE
>>Sequence Length Distribution	pass
#Length	Count
90	1235093.0
>>END_MODULE
>>Sequence Duplication Levels	pass
#Total Deduplicated Percentage	84.76222700213722
#Duplication Level	Percentage of total
1	74.67118376432165
2	14.156779377997996
3	5.620734797461282
4	2.6088695788944256
5	1.3115102042065034
6	0.7240004995078182
7	0.34491705992705674
8	0.19527921856851327
9	0.11933077757380312
>10	0.1946863260068853
>50	0.0
>100	0.0527083955340514
>500	0.0
>1k	0.0
>5k	0.0
>10k+	0.0
>>END_MODULE
>>Overrepresented sequences	pass
>>END_MODULE
>>Adapter Content	pass
#Position	Illumina Universal Adapter	Illumina Small RNA 3' Adapter	Illumina Small RNA 5' Adapter	Nextera Transposase Sequence	PolyA	PolyG
1	0.08817149801674853	0.0	0.0	0.0	0.09974957351389734	0.0
2	0.08857632583133415	0.0	0.0	0.0	0.11343275364689137	0.0
3	0.08857632583133415	0.0	0.0	0.0	0.12622531258779704	8.096556291712446E-5
4	0.08857632583133415	0.0	0.0	0.0	0.13990849272079106	1.6193112583424892E-4
5	0.0887382569571684	0.0	0.0	0.0	0.15585870861546458	2.4289668875137339E-4
6	0.0887382569571684	0.0	0.0	0.0	0.16970381987429287	3.2386225166849785E-4
7	0.0887382569571684	0.0	0.0	0.0	0.18549210464313215	5.667589404198712E-4
8	0.08881922252008553	0.0	0.0	0.0	0.1982846635840378	7.286900662541202E-4
9	0.0890621192088369	0.0	0.0	0.0	0.2135871549753743	7.286900662541202E-4
10-11	0.08950742980488109	0.0	0.0	0.0	0.2333022695456941	9.715867550054934E-4
12-13	0.09051949934134515	0.0	0.0	0.0	0.25969704305667674	0.0012549662252154291
14-15	0.09132915497051639	0.0	0.0	0.0	0.2832175390841014	0.0014573801325082404
16-17	0.092381707288439	0.0	0.0	0.0	0.30297313643587975	0.0020241390729281114
18-19	0.09343425960636162	0.0	0.0	0.0	0.31953059405243167	0.0024694496689722963
20-21	0.09416294967261574	0.0	0.0	0.0	0.33697867286107197	0.002995725827933605
22-23	0.09493212252032843	0.0	0.0	4.048278145856223E-5	0.35385999272929247	0.003562484768353476
24-25	0.09586322649387535	0.0	0.0	8.096556291712446E-5	0.3679884834583307	0.004412623178983283
26-27	0.09638950265283666	8.096556291712446E-5	0.0	8.096556291712446E-5	0.38240035365757885	0.005222278808154528
28-29	0.09719915828200791	1.6193112583424892E-4	0.0	8.096556291712446E-5	0.39875539736683796	0.006274831126077145
30-31	0.09829219338138909	1.6193112583424892E-4	0.0	8.096556291712446E-5	0.41312678478462755	0.007529797351292574
32-33	0.10116647086494701	1.6193112583424892E-4	0.0	8.096556291712446E-5	0.42531210200365477	0.008663315232132318
34-35	0.13233821258803993	1.6193112583424892E-4	0.0	8.096556291712446E-5	0.43854997154060466	0.009877798675889185
36-37	0.15589919139692315	1.6193112583424892E-4	0.0	8.096556291712446E-5	0.4504114265079634	0.01105179933818749
38-39	0.15857105497318824	1.6193112583424892E-4	0.0	8.096556291712446E-5	0.4633659165747033	0.012590145033612853
40-41	0.16148581523820474	1.6193112583424892E-4	0.0	8.096556291712446E-5	0.4755107510122719	0.014290421854872467
42-43	0.16512926556947533	1.6193112583424892E-4	0.0	8.096556291712446E-5	0.48708882650942076	0.01611214702050777
44-45	0.16937995762262437	1.6193112583424892E-4	0.0	8.096556291712446E-5	0.4998409026688678	0.01813628609343588
46-47	0.1727805112651436	1.6193112583424892E-4	0.0	8.096556291712446E-5	0.5131192549872763	0.020727184106783862
48-49	0.17618106490766283	1.6193112583424892E-4	0.0	8.096556291712446E-5	0.5242115371069223	0.02303470264992191
50-51	0.18010789470914335	1.6193112583424892E-4	0.0	8.096556291712446E-5	0.536072992074281	0.02590898013347983
52-53	0.18314410331853553	1.6193112583424892E-4	0.0	8.096556291712446E-5	0.5507682417437392	0.027852153643490814
54-55	0.18678755364980615	1.6193112583424892E-4	0.0	8.096556291712446E-5	0.5648157669098602	0.03105029337871723
56-57	0.19075486623274523	1.6193112583424892E-4	0.0	8.096556291712446E-5	0.5773654291620145	0.03485567483582208
58-59	0.19532942053756275	1.6193112583424892E-4	0.0	8.096556291712446E-5	0.5898746086327102	0.04048278145856223
60-61	0.19994445762383886	1.6193112583424892E-4	0.0	8.096556291712446E-5	0.6014526841298591	0.04440961126004277
62-63	0.20427611523990502	1.6193112583424892E-4	0.0	8.096556291712446E-5	0.6119377245276266	0.0501581662271586
64-65	0.20779811722679992	1.6193112583424892E-4	0.0	8.096556291712446E-5	0.6239206278393611	0.05497561722072751
66-67	0.21196784371703184	1.6193112583424892E-4	0.0	8.096556291712446E-5	0.6361059450583884	0.06060272384346766
68-69	0.2148016384191312	1.6193112583424892E-4	0.0	8.096556291712446E-5	0.6500725046615923	0.0683754178835116
70-71	0.21832364040602611	1.6193112583424892E-4	0.0	8.096556291712446E-5	0.664524857642299	0.07477169735396444
72-73	0.22245288411479947	1.6193112583424892E-4	0.0	8.096556291712446E-5	0.6784509344640444	0.08258487417546695
74-75	0.22666309338648993	1.6193112583424892E-4	0.0	8.096556291712446E-5	0.6912839761864087	0.09141012053343352
76-77	0.23026606093630198	1.6193112583424892E-4	0.0	8.096556291712446E-5	0.7053719841339883	0.10035681523577578
78-79	0.23342371789006983	1.6193112583424892E-4	0.0	8.096556291712446E-5	0.7162213695648829	0.11039654503749921
>>END_MODULE
