##FastQC	0.12.1
>>Basic Statistics	pass
#Measure	Value
Filename	HG00101.GRCh38DH.exome.chr21.fq.gz
File type	Conventional base calls
Encoding	Sanger / Illumina 1.9
Total Sequences	1157253
Total Bases	115.7 Mbp
Sequences flagged as poor quality	0
Sequence length	100
%GC	44
>>END_MODULE
>>Per base sequence quality	pass
#Base	Mean	Median	Lower Quartile	Upper Quartile	10th Percentile	90th Percentile
1	26.394879080028307	27.0	27.0	27.0	22.0	27.0
2	26.176137802191914	27.0	27.0	27.0	22.0	27.0
3	26.153320838226385	27.0	27.0	27.0	22.0	27.0
4	26.35021555355657	27.0	27.0	27.0	22.0	27.0
5	28.97091042321774	27.0	27.0	33.0	27.0	33.0
6	32.49483820737557	33.0	33.0	33.0	33.0	33.0
7	32.70020038833341	33.0	33.0	33.0	33.0	33.0
8	32.994950974419595	33.0	33.0	33.0	33.0	37.0
9	32.99630072248679	33.0	33.0	33.0	33.0	37.0
10-11	32.99169498804497	33.0	33.0	33.0	33.0	37.0
12-13	32.95250692804426	33.0	33.0	33.0	33.0	37.0
14-15	32.94140391081294	33.0	33.0	33.0	33.0	33.0
16-17	32.93728899385009	33.0	33.0	33.0	33.0	33.0
18-19	32.8920581756971	33.0	33.0	33.0	33.0	33.0
20-21	32.88222108735082	33.0	33.0	33.0	33.0	33.0
22-23	32.83398358008145	33.0	33.0	33.0	33.0	33.0
24-25	32.79803119974629	33.0	33.0	33.0	33.0	33.0
26-27	33.06750209331926	33.0	33.0	33.0	33.0	37.0
28-29	33.061714681232196	33.0	33.0	33.0	33.0	37.0
30-31	33.30949800951045	33.0	33.0	35.0	33.0	37.0
32-33	33.09689065398837	33.0	33.0	35.0	33.0	37.0
34-35	33.32756320355186	33.0	33.0	37.0	33.0	37.0
36-37	33.366496349545	33.0	33.0	37.0	33.0	37.0
38-39	33.319649203760974	33.0	33.0	37.0	33.0	37.0
40-41	33.267278201050246	33.0	33.0	37.0	33.0	37.0
42-43	33.18300924689761	33.0	33.0	37.0	33.0	37.0
44-45	33.05854510638555	33.0	33.0	37.0	33.0	37.0
46-47	33.13368381849086	33.0	33.0	37.0	33.0	37.0
48-49	32.99786174673991	33.0	33.0	37.0	33.0	37.0
50-51	32.95192797080673	33.0	33.0	35.0	33.0	37.0
52-53	32.89095081196592	33.0	33.0	37.0	33.0	37.0
54-55	32.72755741397948	33.0	33.0	33.0	33.0	37.0
56-57	32.68062428872511	33.0	33.0	33.0	33.0	37.0
58-59	32.57249797580995	33.0	33.0	33.0	30.0	37.0
60-61	32.621886052574496	33.0	33.0	35.0	30.0	37.0
62-63	32.471968100320325	33.0	33.0	35.0	27.0	37.0
64-65	32.76817342448021	33.0	33.0	37.0	27.0	37.0
66-67	32.772518628165145	33.0	33.0	37.0	27.0	37.0
68-69	32.43243612243822	33.0	33.0	37.0	27.0	37.0
70-71	32.65885592865173	33.0	33.0	37.0	27.0	37.0
72-73	32.5971127316153	33.0	33.0	37.0	27.0	37.0
74-75	32.40312403597139	33.0	33.0	37.0	27.0	37.0
76-77	32.401149964614476	33.0	33.0	37.0	27.0	37.0
78-79	32.24530850211665	33.0	33.0	37.0	27.0	37.0
80-81	32.13746432284039	33.0	33.0	37.0	24.5	37.0
82-83	31.91400929615218	33.0	33.0	37.0	22.0	37.0
84-85	31.632138348312772	33.0	33.0	37.0	22.0	37.0
86-87	31.568750307841068	35.0	33.0	37.0	15.0	37.0
88-89	31.30385447261748	33.0	33.0	37.0	6.0	37.0
90-91	31.082517392480295	35.0	33.0	37.0	6.0	37.0
92-93	31.014904260347564	35.0	33.0	37.0	6.0	37.0
94-95	30.320547019536782	33.0	33.0	37.0	6.0	37.0
96-97	28.918795630687498	33.0	33.0	35.0	6.0	35.0
98-99	27.858139922730814	33.0	27.0	33.0	6.0	33.0
100	27.925945320513318	33.0	27.0	33.0	6.0	33.0
>>END_MODULE
>>Per sequence quality scores	pass
#Quality	Count
1	2.0
2	15.0
3	7.0
4	7.0
5	45.0
6	1175.0
7	479.0
8	628.0
9	1254.0
10	1384.0
11	1938.0
12	2251.0
13	2603.0
14	2481.0
15	2902.0
16	3641.0
17	4213.0
18	4628.0
19	5474.0
20	6438.0
21	7202.0
22	8171.0
23	9520.0
24	11184.0
25	12814.0
26	14380.0
27	16807.0
28	19743.0
29	24389.0
30	32916.0
31	57503.0
32	135813.0
33	405852.0
34	358970.0
35	424.0
>>END_MODULE
>>Per base sequence content	warn
#Base	G	A	T	C
1	13.503833885147692	29.129401187769606	31.013148453911256	26.35361647317145
2	24.184970478837407	31.43926038080226	26.284896503090387	18.09087263726995
3	21.850319701548514	27.90334720910356	28.293954317980113	21.95237877136781
4	20.25561496494347	27.597134637305544	28.667454246753394	23.479796150997597
5	20.672931924730488	28.16384730053795	29.925810702789118	21.237410071942445
6	21.42120678643439	27.828321981413445	28.216283674409482	22.534187557742683
7	22.175957853909452	27.68905159197247	28.52276085930735	21.61222969481073
8	20.79960799970963	28.094391181030502	29.308589611300945	21.79741120795892
9	20.93634392582805	27.50805174200205	29.71820847336206	21.83739585880783
10-11	21.333018176538506	28.12247211985868	28.652030600745316	21.8924791028575
12-13	21.1921583067433	28.2789150661866	28.603397732856724	21.92552889421338
14-15	21.372771329217624	28.279749600757697	28.47517957262062	21.87229949740406
16-17	21.430043851024926	28.088640696015638	28.55908738700701	21.922228065952424
18-19	21.505594712590437	27.893107632107462	28.421338721218426	22.179958934083675
20-21	21.610296008071572	27.86974002882087	28.42636742506897	22.093596538038582
22-23	21.645390671513788	27.825424216526923	28.377465217139587	22.151719894819706
24-25	21.68577094737934	27.738119412916017	28.395456450449124	22.180653189255516
26-27	21.82305558207993	27.71197092333198	28.223154439985947	22.24181905460214
28-29	21.892212701950488	27.718307887287548	28.22728641719992	22.16219299356204
30-31	21.775049435125904	27.673645200990087	28.099072486413984	22.452232877470028
32-33	22.04838886732779	27.66217859677298	28.027761666979277	22.26167086891995
34-35	21.97088647870957	27.75182953822317	27.926223611764378	22.351060371302882
36-37	21.975519289758452	27.623949378166785	27.99032117744018	22.410210154634584
38-39	22.015209684519697	27.577001946832702	28.007233811061226	22.40055455758638
40-41	22.094215613048483	27.5874521615063	27.92435971346856	22.393972511976653
42-43	22.001011061567077	27.549092487916344	27.95533339301105	22.49456305750553
44-45	22.187011684712367	27.55188238304572	27.846738762876157	22.414367169365764
46-47	22.142403389638478	27.564077892840476	27.88339166229542	22.41012705522563
48-49	22.093952022861167	27.47759572010467	27.877268267115497	22.55118398991867
50-51	22.21365402514004	27.435895661560927	27.840191543175063	22.51025877012397
52-53	22.22010688143914	27.46357996139599	27.816865910134265	22.499447247030602
54-55	22.20067310572157	27.46645291635865	27.805256387839083	22.52761759008069
56-57	22.286169041868618	27.500889780642012	27.743057329584275	22.4698838479051
58-59	22.30010004200898	27.430306232487233	27.778071311329867	22.491522414173918
60-61	22.179145734193284	27.409885512598898	27.70562189315462	22.705346860053197
62-63	22.37682273045206	27.364882591159827	27.732865238822303	22.525429439565812
64-65	22.33416343484425	27.477211915862448	27.66100669986784	22.527617949425462
66-67	22.373567140447083	27.346702647650783	27.64306078546165	22.63666942644048
68-69	22.391022863196156	27.36245739639309	27.62765713820647	22.618862602204285
70-71	22.455836001741716	27.398213096972512	27.535290945244174	22.610659956041594
72-73	22.34229858276416	27.399142567336774	27.538195062251102	22.720363787647965
74-75	22.43772697225879	27.36363915777681	27.542857687067997	22.655776182896407
76-77	22.41161195242099	27.317407278165074	27.51703858153105	22.753942187882885
78-79	22.421372808164723	27.381550389476768	27.44529397397945	22.75178282837906
80-81	22.541241346333756	27.332115409936037	27.42133739423297	22.705305849497236
82-83	22.499595056834963	27.366405568553198	27.39412360337917	22.739875771232665
84-85	22.524651194207635	27.3183250394129	27.324170402286533	22.83285336409293
86-87	22.626515884718064	27.289713960321222	27.332584186948832	22.75118596801188
88-89	22.560415771149252	27.319222359733295	27.31069465312796	22.809667215989492
90-91	22.522811836056874	27.25042230515643	27.33126945168063	22.895496407106066
92-93	22.61555797306525	27.27210571729503	27.2343717951048	22.877964514534916
94-95	22.640208045763146	27.303366897011287	27.22474394534039	22.831681111885178
96-97	22.63658039473627	27.225724930871387	27.08690515857389	23.050789515818444
98-99	22.745466614394154	27.206588067500775	27.0618866742306	22.986058643874465
100	22.5393621560707	27.201800995533	27.086945119317683	23.171891729078617
>>END_MODULE
>>Per sequence GC content	warn
#GC Content	Count
0	0.0
1	0.0
2	0.0
3	2.0
4	3.0
5	5.0
6	12.0
7	21.5
8	33.5
9	48.5
10	74.5
11	95.0
12	110.5
13	145.5
14	185.0
15	254.0
16	382.5
17	532.0
18	783.0
19	1143.5
20	1594.0
21	2496.0
22	3672.0
23	4935.5
24	6553.5
25	8570.5
26	10946.5
27	13405.0
28	15874.5
29	18714.0
30	21826.0
31	24617.0
32	27446.5
33	29887.0
34	31949.0
35	33704.0
36	35014.5
37	36560.0
38	38130.5
39	39535.5
40	39641.0
41	38641.0
42	37966.0
43	37564.0
44	37114.5
45	36377.0
46	35528.0
47	34746.5
48	33822.0
49	32334.5
50	30478.0
51	28845.5
52	27208.5
53	25559.0
54	23922.5
55	22328.5
56	21260.0
57	20429.0
58	19390.0
59	18648.5
60	18139.0
61	17212.5
62	16017.5
63	14733.5
64	13231.0
65	11743.5
66	10183.5
67	8760.0
68	7662.5
69	6418.5
70	5230.0
71	4171.0
72	3171.0
73	2447.0
74	1910.0
75	1423.0
76	1041.0
77	779.5
78	559.0
79	391.0
80	279.0
81	209.5
82	149.0
83	99.0
84	70.0
85	57.0
86	38.5
87	21.0
88	11.5
89	10.5
90	10.0
91	4.0
92	1.5
93	1.0
94	1.0
95	0.0
96	0.0
97	0.0
98	0.0
99	0.0
100	0.0
>>END_MODULE
>>Per base N content	pass
#Base	N-Count
1	0.04000853745896532
2	0.01011014877472774
3	0.006912922239130078
4	0.010542206414673369
5	0.006740099183151826
6	0.015554075038042675
7	0.011665556278532007
8	0.009591679606792983
9	0.004320576399456298
10-11	0.013566609894292777
12-13	0.02890465611236264
14-15	0.005271103207336684
16-17	0.0231150837370912
18-19	0.007690625991032212
20-21	0.00911641620285279
22-23	1.7282305597825196E-4
24-25	6.912922239130079E-4
26-27	0.003154020771603098
28-29	0.011363115930570065
30-31	0.015640486566031803
32-33	0.028861450348368078
34-35	0.05850060444863828
36-37	0.07898013658206113
38-39	0.087794112436952
40-41	0.0993300514235003
42-43	0.09008401792866383
44-45	0.2120106839213206
46-47	0.08844219889687044
48-49	0.0912937793205116
50-51	0.10101507621928826
52-53	0.14460969208980232
54-55	0.17377358278613234
56-57	0.21378212024509763
58-59	0.2365947636342269
60-61	0.24597041442104708
62-63	0.3637493270702258
64-65	0.25720391305963347
66-67	0.22199121540406463
68-69	0.196543020411267
70-71	0.17887186293749074
72-73	0.19818483944306042
74-75	0.1934322054036585
76-77	0.20514096744618507
78-79	0.22700308402743394
80-81	0.24445821268123738
82-83	0.23935993252987894
84-85	0.21529432198490733
86-87	0.22514523617566773
88-89	0.18963009817213694
90-91	0.17165650035039876
92-93	0.155022281212492
94-95	0.15018323564510094
96-97	0.1553679273244485
98-99	0.15294840454075298
100	0.16349061095542633
>>END_MODULE
>>Sequence Length Distribution	pass
#Length	Count
100	1157253.0
>>END_MODULE
>>Sequence Duplication Levels	pass
#Total Deduplicated Percentage	82.36096291631031
#Duplication Level	Percentage of total
1	70.90536751852
2	16.036817084058917
3	6.206817255875274
4	2.874297115395754
5	1.6492177715091612
6	0.8920284227069089
7	0.4900298388724995
8	0.35795219713659454
9	0.21136590369282698
>10	0.376106892232046
>50	0.0
>100	0.0
>500	0.0
>1k	0.0
>5k	0.0
>10k+	0.0
>>END_MODULE
>>Overrepresented sequences	pass
>>END_MODULE
>>Adapter Content	pass
#Position	Illumina Universal Adapter	Illumina Small RNA 3' Adapter	Illumina Small RNA 5' Adapter	Nextera Transposase Sequence	PolyA	PolyG
1	0.0	0.0	0.0	0.0	0.11734685500923307	8.641152798912597E-5
2	0.0	0.0	0.0	0.0	0.13920897159048196	8.641152798912597E-5
3	0.0	0.0	0.0	0.0	0.15113376245298132	8.641152798912597E-5
4	0.0	0.0	0.0	0.0	0.16478678387526324	8.641152798912597E-5
5	0.0	0.0	0.0	0.0	0.1780077476575995	8.641152798912597E-5
6	0.0	0.0	0.0	0.0	0.1899325385200989	1.7282305597825194E-4
7	0.0	0.0	0.0	0.0	0.20479532133422856	1.7282305597825194E-4
8	0.0	0.0	0.0	0.0	0.2172385813646627	1.7282305597825194E-4
9	0.0	0.0	0.0	0.0	0.23279265640270538	1.7282305597825194E-4
10-11	0.0	0.0	0.0	0.0	0.25586453437580203	2.5923458396737793E-4
12-13	0.0	0.0	0.0	0.0	0.2810534947846322	3.4564611195650387E-4
14-15	0.0	0.0	0.0	0.0	0.3042981958137071	3.4564611195650387E-4
16-17	0.0	0.0	0.0	0.0	0.32006829967172257	3.8885187595106684E-4
18-19	0.0	0.0	0.0	0.0	0.335751992001749	6.912922239130077E-4
20-21	0.0	0.0	0.0	0.0	0.3506579805798732	7.777037519021338E-4
22-23	0.0	0.0	0.0	0.0	0.3634468867222639	0.0010801440998640748
24-25	0.0	0.0	0.0	0.0	0.37692708508856754	0.0012097613918477636
26-27	0.0	0.0	0.0	0.0	0.39092575262280593	0.0013393786838314524
28-29	0.0	0.0	0.0	0.0	0.40483800862905517	0.0015122017398097045
30-31	0.0	0.0	0.0	4.3205763994562984E-5	0.4177997378274241	0.0018578478517662085
32-33	0.0	0.0	0.0	8.641152798912597E-5	0.4314095534857114	0.0022466997277172753
34-35	0.0	0.0	0.0	1.2961729198368897E-4	0.4419085541363902	0.0024627285476900903
36-37	0.0	0.0	0.0	1.7282305597825194E-4	0.45283961242701465	0.0029379919516302833
38-39	8.641152798912597E-5	0.0	0.0	1.7282305597825194E-4	0.462690526617775	0.003283638063586787
40-41	1.7282305597825194E-4	0.0	0.0	1.7282305597825194E-4	0.4732759387964429	0.003888518759510669
42-43	1.7282305597825194E-4	0.0	0.0	1.7282305597825194E-4	0.4840773797950837	0.004795839803396491
44-45	1.7282305597825194E-4	0.0	0.0	1.7282305597825194E-4	0.49677987440948523	0.005659955083287751
46-47	1.7282305597825194E-4	0.0	0.0	1.7282305597825194E-4	0.5083158133960335	0.0062648357792116326
48-49	1.7282305597825194E-4	0.0	0.0	1.7282305597825194E-4	0.5181235218227993	0.007301774115081145
50-51	1.7282305597825194E-4	0.0	0.0	1.7282305597825194E-4	0.5291841974054075	0.008338712450950657
52-53	1.7282305597825194E-4	0.0	0.0	1.7282305597825194E-4	0.5393807577081243	0.00954847384279842
54-55	1.7282305597825194E-4	0.0	0.0	2.1602881997281493E-4	0.5508734909306781	0.010326177594700553
56-57	1.7282305597825194E-4	0.0	0.0	2.5923458396737793E-4	0.564224072004998	0.011449527458559192
58-59	3.4564611195650387E-4	0.0	0.0	3.4564611195650387E-4	0.5742910150157312	0.012832111906385207
60-61	3.4564611195650387E-4	0.0	0.0	3.4564611195650387E-4	0.5836666658025513	0.013696227186276467
62-63	3.4564611195650387E-4	0.0	0.0	3.4564611195650387E-4	0.5936471972852955	0.014560342466167726
64-65	4.3205763994562987E-4	0.0	0.0	4.3205763994562987E-4	0.6037141402960287	0.016158955733966557
66-67	5.184691679347559E-4	0.0	0.0	4.3205763994562987E-4	0.6145155812946693	0.01793039205774364
68-69	5.616749319293188E-4	0.0	0.0	4.3205763994562987E-4	0.6261379318092068	0.01952900532554247
70-71	6.912922239130077E-4	0.0	0.0	4.3205763994562987E-4	0.638278751491679	0.021430058941303242
72-73	0.0010369383358695117	0.0	0.0	4.3205763994562987E-4	0.6488641636703469	0.023503935613042266
74-75	0.0013393786838314524	0.0	0.0	4.3205763994562987E-4	0.6596223989049932	0.02570742957676498
76-77	0.0015986132677988305	0.0	0.0	4.3205763994562987E-4	0.6703806341396392	0.02920709646032458
78-79	0.0020738766717390235	0.0	0.0	4.3205763994562987E-4	0.6819597788901821	0.03257714605190049
80-81	0.0031108150076085347	0.0	0.0	4.3205763994562987E-4	0.6916810757889589	0.03650887057540572
82-83	0.00419095910747261	0.0	0.0	4.3205763994562987E-4	0.7022232822036323	0.040570212390894644
84-85	0.0058327781392660035	0.0	0.0	4.3205763994562987E-4	0.7132839577862404	0.044242702330432496
86-87	0.007690625991032212	0.0	0.0	4.3205763994562987E-4	0.7239989872568919	0.04886571907785074
88-89	0.010628617942662495	0.0	0.0	5.184691679347559E-4	0.7363558357593369	0.053661558881247226
>>END_MODULE
