##FastQC	0.12.1
>>Basic Statistics	pass
#Measure	Value
Filename	HG00121.GRCh38DH.exome.chr21.fq.gz
File type	Conventional base calls
Encoding	Sanger / Illumina 1.9
Total Sequences	1103986
Total Bases	99.3 Mbp
Sequences flagged as poor quality	0
Sequence length	90
%GC	45
>>END_MODULE
>>Per base sequence quality	pass
#Base	Mean	Median	Lower Quartile	Upper Quartile	10th Percentile	90th Percentile
1	26.89390264006971	27.0	27.0	27.0	27.0	27.0
2	27.215568856851444	27.0	27.0	27.0	27.0	33.0
3	26.969762297710297	27.0	27.0	27.0	22.0	33.0
4	26.25778406610229	27.0	27.0	27.0	22.0	27.0
5	29.167360817981386	27.0	27.0	33.0	27.0	33.0
6	29.990451871672285	33.0	27.0	33.0	27.0	33.0
7	29.940040000507253	33.0	27.0	33.0	27.0	33.0
8	30.418251680727835	33.0	27.0	33.0	27.0	33.0
9	30.379306440480224	33.0	27.0	33.0	27.0	33.0
10-11	30.810834557684608	33.0	27.0	33.0	27.0	33.0
12-13	30.894425291625076	33.0	27.0	33.0	27.0	33.0
14-15	30.934037206993565	33.0	27.0	33.0	27.0	33.0
16-17	30.913229425010826	33.0	27.0	33.0	27.0	33.0
18-19	30.86708391229599	33.0	27.0	33.0	27.0	33.0
20-21	30.87910489806936	33.0	27.0	33.0	27.0	33.0
22-23	30.85659193141942	33.0	27.0	33.0	27.0	33.0
24-25	30.777960499499088	33.0	27.0	33.0	27.0	33.0
26-27	30.685570740933308	33.0	27.0	33.0	27.0	33.0
28-29	30.584833050419117	33.0	27.0	33.0	27.0	33.0
30-31	30.507637325111006	33.0	27.0	33.0	27.0	33.0
32-33	30.437878741215922	33.0	27.0	33.0	27.0	33.0
34-35	30.39767352122219	33.0	27.0	33.0	27.0	33.0
36-37	30.336994762614744	33.0	27.0	33.0	27.0	33.0
38-39	30.21183511385108	33.0	27.0	33.0	27.0	33.0
40-41	30.16668327315745	33.0	27.0	33.0	27.0	33.0
42-43	30.048561757123732	33.0	27.0	33.0	27.0	33.0
44-45	30.204216810720425	33.0	27.0	33.0	27.0	33.0
46-47	30.095539255026786	33.0	27.0	33.0	27.0	33.0
48-49	29.6228860692074	33.0	27.0	33.0	24.5	33.0
50-51	30.035327893650823	33.0	27.0	33.0	27.0	33.0
52-53	29.888230919594996	33.0	27.0	33.0	27.0	33.0
54-55	29.682858297116088	33.0	27.0	33.0	24.5	33.0
56-57	29.690548159125207	33.0	27.0	33.0	22.0	33.0
58-59	29.500476002413073	33.0	27.0	33.0	22.0	33.0
60-61	29.36071064306975	33.0	27.0	33.0	22.0	33.0
62-63	29.164496198321356	33.0	27.0	33.0	22.0	33.0
64-65	28.946874779209157	33.0	27.0	33.0	22.0	33.0
66-67	26.89605484127516	30.0	24.5	33.0	10.5	33.0
68-69	28.50945301842596	33.0	27.0	33.0	15.0	33.0
70-71	28.2341664658791	33.0	27.0	33.0	10.5	33.0
72-73	28.0094421487229	33.0	27.0	33.0	6.0	33.0
74-75	27.849010313536585	33.0	27.0	33.0	6.0	33.0
76-77	27.713370459407997	33.0	27.0	33.0	6.0	33.0
78-79	27.665822754998704	33.0	27.0	33.0	6.0	33.0
80-81	27.416289246421602	33.0	27.0	33.0	6.0	33.0
82-83	26.90983128409237	33.0	27.0	33.0	6.0	33.0
84-85	26.385116749668928	33.0	27.0	33.0	6.0	33.0
86-87	24.713012212111387	27.0	24.5	30.0	6.0	33.0
88-89	24.054032388091876	27.0	22.0	33.0	6.0	33.0
90	23.842546916355822	27.0	22.0	33.0	6.0	33.0
>>END_MODULE
>>Per sequence quality scores	pass
#Quality	Count
6	3152.0
7	685.0
8	1122.0
9	1535.0
10	2055.0
11	2911.0
12	4091.0
13	4583.0
14	5082.0
15	5895.0
16	6628.0
17	7029.0
18	8207.0
19	9361.0
20	10707.0
21	12228.0
22	14147.0
23	15730.0
24	18534.0
25	21215.0
26	25589.0
27	34319.0
28	50842.0
29	89010.0
30	256589.0
31	468728.0
32	24011.0
33	1.0
>>END_MODULE
>>Per base sequence content	pass
#Base	G	A	T	C
1	20.61577796260358	29.63283086083523	27.389824796012114	22.36156638054908
2	22.2075508119674	29.675077100425856	27.56012836325969	20.55724372434706
3	21.736963124155416	27.827046878101346	28.20145175923165	22.23453823851159
4	21.730788063880798	27.52120957123841	28.19893652906591	22.549065835814886
5	21.964854202774532	27.82167124738029	28.28370087819169	21.92977367165348
6	22.46318646573764	27.585282196327977	27.411338586671935	22.54019275126245
7	22.408724539761142	27.873520264461256	27.625655785452274	22.092099410325332
8	21.690936004681742	27.883920272642776	28.272284035504434	22.15285968717104
9	21.715776647354858	27.49636487998442	28.413909939618502	22.37394853304222
10-11	21.941034534146187	27.80587389857041	28.001416859816487	22.251674707466915
12-13	21.85679136711503	27.813233780728204	27.993689485737477	22.336285366419297
14-15	21.845431939959145	27.807847524492374	28.061263774837737	22.285456760710744
16-17	21.917505432995473	27.84225606778856	27.932979618680264	22.3072588805357
18-19	22.04892967746056	27.61218807455183	27.882877149466477	22.456005098521132
20-21	22.145835890574393	27.476930477315932	27.81287834900441	22.564355283105268
22-23	22.219298229721332	27.43886641289834	27.78070177027867	22.561133587101658
24-25	22.3233435506541	27.40766475712838	27.66182193234645	22.607169759871066
26-27	22.366611461828935	27.391399279558748	27.585235303070938	22.65675395554138
28-29	22.40462282167149	27.354080527038633	27.584596513224884	22.656700138064988
30-31	22.5728045397637	27.288136207405746	27.456320899835667	22.682738352994892
32-33	22.50780541208454	27.27901500296907	27.480259430020343	22.73292015492605
34-35	22.554468451329438	27.314897857498753	27.426008968609867	22.70462472256194
36-37	22.5893987900793	27.239250131808525	27.40394284130254	22.767408236809636
38-39	22.632714854144446	27.210140250516908	27.349145203332675	22.80799969200597
40-41	22.692422149920937	27.196445953480875	27.295280189624037	22.815851706974154
42-43	22.695615938254438	27.1695874117322	27.288123309946233	22.846673340067127
44-45	22.749343237612102	27.145891838028806	27.27339432919649	22.831370595162607
46-47	22.777016296701614	27.155175147190313	27.186293702999432	22.88151485310864
48-49	22.80020183462968	27.045749786660434	27.149883048246448	23.00416533046344
50-51	22.861373634736225	27.013152554411242	27.206074200772594	22.919399610079942
52-53	22.85298728499751	27.000865603995454	27.204606408368505	22.94154070263853
54-55	22.91441316570004	26.941861033956073	27.138991409971393	23.0047343903725
56-57	22.98613523771302	26.98548659386334	27.084866803793844	22.943511364629796
58-59	23.02593345348915	26.96797420288818	27.015172879875742	22.99091946374693
60-61	22.952924012499484	26.939569366569266	27.0174307027314	23.090075918199847
62-63	23.06594748552337	26.888031685521916	27.03492691022677	23.01109391872794
64-65	23.047714384070446	26.836464769083037	26.994908774663458	23.120912072183067
66-67	23.03041585532505	26.77615305628367	26.919329656308218	23.274101432083064
68-69	23.141330663882464	26.735758336183213	26.946339960909455	23.176571039024864
70-71	23.163142687741846	26.785606711541327	26.873930769338777	23.17731983137805
72-73	23.24914201492987	26.723341768620102	26.825163093031083	23.202353123418952
74-75	23.274217035549043	26.784370831531007	26.726258552084776	23.215153580835178
76-77	23.187203861235055	26.775858765616857	26.766029936710495	23.2709074364376
78-79	23.265322576261852	26.67448142665872	26.720636220506677	23.339559776572752
80-81	23.293065728146107	26.6381758638964	26.693708016831767	23.375050391125725
82-83	23.379708054852497	26.62445896661491	26.636824149882326	23.359008828650264
84-85	23.364740818044037	26.59449377059219	26.519847772894988	23.520917638468777
86-87	23.37841577763253	26.614450207520562	26.514891066990437	23.492242947856468
88-89	23.42621960223695	26.602770552887556	26.398027582320715	23.572982262554774
90	23.453311711254653	26.472943713139035	26.379721147661282	23.694023427945027
>>END_MODULE
>>Per sequence GC content	warn
#GC Content	Count
0	0.0
1	0.5
2	1.0
3	3.0
4	4.0
5	3.0
6	6.5
7	14.5
8	26.5
9	42.0
10	50.0
11	59.5
12	76.0
13	96.0
14	161.0
15	285.0
16	445.5
17	710.5
18	1206.0
19	1961.5
20	2398.0
21	2913.0
22	4103.5
23	5631.5
24	7532.5
25	9751.0
26	12551.5
27	15559.0
28	18236.0
29	21110.0
30	22684.0
31	24166.5
32	26668.5
33	28909.0
34	31127.5
35	32906.5
36	34335.5
37	35562.5
38	36230.5
39	36607.5
40	36896.0
41	37403.5
42	37701.0
43	37629.0
44	37468.5
45	36922.5
46	36411.5
47	35573.0
48	34367.5
49	32957.0
50	32177.0
51	31462.0
52	30096.0
53	29113.0
54	28198.0
55	27290.5
56	26694.0
57	25745.5
58	24226.0
59	22849.5
60	22316.0
61	21213.5
62	19261.5
63	17351.0
64	15230.0
65	13337.0
66	11706.5
67	9863.0
68	8028.5
69	6510.5
70	5781.0
71	5114.5
72	3969.0
73	3026.5
74	2276.5
75	1719.5
76	1252.5
77	880.0
78	630.0
79	465.5
80	375.0
81	334.5
82	244.5
83	169.0
84	115.0
85	73.0
86	48.5
87	28.0
88	11.5
89	4.5
90	4.0
91	3.5
92	2.0
93	0.5
94	0.5
95	2.0
96	1.5
97	0.0
98	0.0
99	0.0
100	0.0
>>END_MODULE
>>Per base N content	pass
#Base	N-Count
1	0.022101729550918218
2	0.05027237664245743
3	0.057518845347676505
4	0.10706657511961203
5	0.07337049564034326
6	0.016304554586742948
7	0.01422119483399246
8	0.011232026493089586
9	0.0154893268574058
10-11	0.012364287228280068
12-13	0.0103262179049372
14-15	0.006431240975881941
16-17	0.007518211281664803
18-19	0.012364287228280068
20-21	0.008559891158040048
22-23	0.00833343901100195
24-25	0.012817191522356263
26-27	0.019746627221722015
28-29	0.0143117756928077
30-31	0.012681320234133405
32-33	0.009465699746192434
34-35	0.01231899679887245
36-37	0.010145056187306723
38-39	0.0062047888288438435
40-41	0.010643250910790535
42-43	0.009148666740339099
44-45	0.007789953858110519
46-47	0.012953062810579119
48-49	0.010145056187306723
50-51	0.015398745998590561
52-53	0.012001963793019113
54-55	0.013405967104655313
56-57	0.013088934098801977
58-59	0.012817191522356263
60-61	0.009103376310931478
62-63	0.012500158516502926
64-65	0.011413188210720064
66-67	0.009465699746192434
68-69	0.012545448945910545
70-71	0.008741052875670525
72-73	0.008288148581594332
74-75	0.008016406005148616
76-77	0.008197567722779093
78-79	0.00833343901100195
80-81	0.01096028391664387
82-83	0.007246468705219089
84-85	0.009873313610861007
86-87	0.010824412628421013
88-89	0.014764679986883892
90	0.01594223115148199
>>END_MODULE
>>Sequence Length Distribution	pass
#Length	Count
90	1103986.0
>>END_MODULE
>>Sequence Duplication Levels	pass
#Total Deduplicated Percentage	84.64985806406983
#Duplication Level	Percentage of total
1	74.74559531987425
2	13.727697946863678
3	5.413325676976929
4	2.664714117849508
5	1.4359655735363805
6	0.841496865632753
7	0.48240432450359827
8	0.2742068068758201
9	0.16797675209531607
>10	0.2295505022550888
>50	0.0
>100	0.01706611353668175
>500	0.0
>1k	0.0
>5k	0.0
>10k+	0.0
>>END_MODULE
>>Overrepresented sequences	pass
>>END_MODULE
>>Adapter Content	pass
#Position	Illumina Universal Adapter	Illumina Small RNA 3' Adapter	Illumina Small RNA 5' Adapter	Nextera Transposase Sequence	PolyA	PolyG
1	0.028714132244430635	0.0	0.0	0.0	0.10969342002525394	0.0
2	0.02916703653850683	0.0	0.0	0.0	0.12826249608237786	0.0
3	0.029257617397322067	0.0	0.0	0.0	0.14166846318703316	9.05808588152386E-5
4	0.029257617397322067	0.0	0.0	0.0	0.156795466609178	9.05808588152386E-5
5	0.029257617397322067	0.0	0.0	0.0	0.17183188917250763	2.717425764457158E-4
6	0.029257617397322067	0.0	0.0	0.0	0.1851472754183477	3.623234352609544E-4
7	0.029529359973767783	0.0	0.0	0.0	0.20018369798167732	3.623234352609544E-4
8	0.02971052169139826	0.0	0.0	0.0	0.21458605453330024	7.246468705219088E-4
9	0.030163425985474453	0.0	0.0	0.0	0.23306454973160892	9.05808588152386E-4
10-11	0.030706911138365885	0.0	0.0	0.0	0.25566447400601094	0.0011775511645981018
12-13	0.03143155800888779	0.0	0.0	0.0	0.2821593752094682	0.001358712882228579
14-15	0.032292076167632563	0.0	0.0	0.0	0.30802021040121885	0.0014492937410438176
16-17	0.03315259432637733	0.0	0.0	0.0	0.32708748118182657	0.0016757458880819142
18-19	0.03365078904986114	0.0	0.0	0.0	0.3466529466859181	0.0022645214703809653
20-21	0.034103693343937334	0.0	0.0	0.0	0.36644486433704776	0.0029438779114952544
22-23	0.034647178496828766	0.0	0.0	0.0	0.386282072417585	0.003985557787870499
24-25	0.03482834021445924	0.0	0.0	0.0	0.40131849498091465	0.004800785517207646
26-27	0.03510008279090496	0.0	0.0	0.0	0.41544910895609183	0.006431240975881941
28-29	0.0354171157967583	0.0	0.0	0.0	0.43161779225461194	0.007925825146333377
30-31	0.03668524782017163	4.52904294076193E-5	0.0	9.05808588152386E-5	0.4447067263534139	0.009239247599154336
32-33	0.03836099370825355	9.05808588152386E-5	0.0	1.358712882228579E-4	0.4592449541932597	0.01096028391664387
34-35	0.049728891489565996	9.05808588152386E-5	0.0	1.811617176304772E-4	0.4741002150389588	0.012545448945910545
36-37	0.057835878353529845	9.05808588152386E-5	0.0	1.811617176304772E-4	0.48859315244939705	0.013858871398731504
38-39	0.05951162424161176	1.358712882228579E-4	0.0	1.811617176304772E-4	0.5029049281422047	0.016078102439704853
40-41	0.06123266055910129	1.811617176304772E-4	0.0	1.811617176304772E-4	0.5146804397881857	0.018478495198308673
42-43	0.06322543945303655	1.811617176304772E-4	0.0	1.811617176304772E-4	0.5271805983046887	0.022328181697956313
44-45	0.06585228435867846	1.811617176304772E-4	0.0	1.811617176304772E-4	0.5417641165739421	0.024275670162483942
46-47	0.06825267711728228	1.811617176304772E-4	0.0	1.811617176304772E-4	0.5555324071138583	0.027264838503386818
48-49	0.07192120189929946	1.811617176304772E-4	0.0	3.170330058533351E-4	0.5679872752009536	0.0309786537148116
50-51	0.07599734054598518	1.811617176304772E-4	0.0	4.52904294076193E-4	0.5783587835352985	0.03419427420275257
52-53	0.0788506375986652	1.811617176304772E-4	0.0	4.52904294076193E-4	0.5908136516223937	0.03722873297306306
54-55	0.08156806336312236	1.811617176304772E-4	0.0	4.52904294076193E-4	0.6038572952917881	0.04048964389041165
56-57	0.08537245943336239	1.811617176304772E-4	0.0	4.52904294076193E-4	0.615768678225992	0.04438462081946691
58-59	0.08917685550360241	1.811617176304772E-4	0.0	4.52904294076193E-4	0.6282235463130873	0.048415469036745026
60-61	0.09311712286206528	1.811617176304772E-4	0.0	4.52904294076193E-4	0.6396367345238074	0.05258218854224601
62-63	0.09510990175600052	1.811617176304772E-4	0.0	4.52904294076193E-4	0.6506423088698589	0.05815291135938318
64-65	0.09841610310275674	1.811617176304772E-4	0.0	4.52904294076193E-4	0.6634595003922151	0.06481060448230322
66-67	0.10145056187306722	1.811617176304772E-4	0.0	4.52904294076193E-4	0.6759143684793104	0.07260055834041373
68-69	0.1046661823610082	1.811617176304772E-4	0.0	4.52904294076193E-4	0.6887768504310743	0.0812057399278614
70-71	0.10774593156072632	1.811617176304772E-4	0.0	4.52904294076193E-4	0.7025904314003981	0.08931272679182525
72-73	0.11096155204866728	1.811617176304772E-4	0.0	4.52904294076193E-4	0.7151811707757163	0.09796319880868054
74-75	0.11417717253660825	1.811617176304772E-4	0.0	4.52904294076193E-4	0.7280889431568878	0.10516437708449201
76-77	0.11829860161270161	1.811617176304772E-4	0.0	5.434851528914316E-4	0.741993104985027	0.11290904051319492
78-79	0.12128776995360449	1.811617176304772E-4	0.0	5.434851528914316E-4	0.7545385539309375	0.12214828811234926
>>END_MODULE
