##FastQC	0.12.1
>>Basic Statistics	pass
#Measure	Value
Filename	HG00141.GRCh38DH.exome.chr21.fq.gz
File type	Conventional base calls
Encoding	Sanger / Illumina 1.9
Total Sequences	661344
Total Bases	66.7 Mbp
Sequences flagged as poor quality	0
Sequence length	101
%GC	49
>>END_MODULE
>>Per base sequence quality	pass
#Base	Mean	Median	Lower Quartile	Upper Quartile	10th Percentile	90th Percentile
1	32.491851441912225	33.0	33.0	33.0	33.0	33.0
2	32.16828155997484	33.0	33.0	33.0	27.0	33.0
3	31.090293402525766	33.0	27.0	33.0	27.0	33.0
4	32.823380872889146	33.0	33.0	33.0	33.0	37.0
5	33.56154890646925	33.0	33.0	37.0	33.0	37.0
6	34.08182277301979	33.0	33.0	37.0	33.0	37.0
7	34.383240794503315	33.0	33.0	37.0	33.0	37.0
8	34.20067922291576	33.0	33.0	37.0	33.0	37.0
9	33.64393417041661	33.0	33.0	37.0	33.0	37.0
10-11	33.7132271556104	33.0	33.0	37.0	33.0	37.0
12-13	33.84446521023854	33.0	33.0	37.0	33.0	37.0
14-15	33.23193073498815	33.0	33.0	35.0	33.0	37.0
16-17	33.206880231770455	33.0	33.0	33.0	33.0	37.0
18-19	33.056503120917405	33.0	33.0	33.0	33.0	37.0
20-21	33.23793668650505	33.0	33.0	33.0	33.0	37.0
22-23	33.191941712633664	33.0	33.0	35.0	33.0	37.0
24-25	33.40247208714375	33.0	33.0	37.0	33.0	37.0
26-27	33.44812684472831	33.0	33.0	37.0	33.0	37.0
28-29	33.404022717375526	33.0	33.0	35.0	33.0	37.0
30-31	33.4739190194513	33.0	33.0	37.0	33.0	37.0
32-33	33.507199732665605	33.0	33.0	37.0	33.0	37.0
34-35	33.45203781995452	33.0	33.0	37.0	33.0	37.0
36-37	33.346263820341605	33.0	33.0	37.0	30.0	37.0
38-39	33.5289834034935	33.0	33.0	37.0	33.0	37.0
40-41	33.4354261927227	33.0	33.0	37.0	33.0	37.0
42-43	33.56773781874486	33.0	33.0	37.0	33.0	37.0
44-45	33.559469806938594	33.0	33.0	37.0	33.0	37.0
46-47	33.45326033047854	33.0	33.0	37.0	33.0	37.0
48-49	33.44643105554749	33.0	33.0	37.0	33.0	37.0
50-51	33.720634798229064	33.0	33.0	37.0	33.0	37.0
52-53	33.985380528136645	33.0	33.0	37.0	33.0	37.0
54-55	32.54202427178594	33.0	33.0	35.0	30.0	37.0
56-57	33.59594174892341	33.0	33.0	37.0	33.0	37.0
58-59	33.737160237334884	33.0	33.0	37.0	33.0	37.0
60-61	33.69353694900082	33.0	33.0	37.0	33.0	37.0
62-63	33.76289646537959	35.0	33.0	37.0	33.0	37.0
64-65	33.83852427783423	37.0	33.0	37.0	33.0	37.0
66-67	33.824375816519094	37.0	33.0	37.0	33.0	37.0
68-69	33.87503250955629	37.0	33.0	37.0	33.0	37.0
70-71	33.793265683214784	37.0	33.0	37.0	33.0	37.0
72-73	33.872403015677165	37.0	33.0	37.0	33.0	37.0
74-75	33.731446871824645	37.0	33.0	37.0	30.0	37.0
76-77	33.741356994242025	37.0	33.0	37.0	30.0	37.0
78-79	33.760039404606374	37.0	33.0	37.0	30.0	37.0
80-81	33.75402513669134	37.0	33.0	37.0	27.0	37.0
82-83	33.68721648642764	37.0	33.0	37.0	27.0	37.0
84-85	33.52578537039725	37.0	33.0	37.0	27.0	37.0
86-87	33.38489046547636	37.0	33.0	37.0	27.0	37.0
88-89	33.22144375695554	37.0	33.0	37.0	27.0	37.0
90-91	33.11211941138046	37.0	33.0	37.0	27.0	37.0
92-93	32.82793599095176	37.0	33.0	37.0	27.0	37.0
94-95	32.401945129917266	37.0	33.0	37.0	22.0	37.0
96-97	31.250585172013352	33.0	33.0	37.0	10.5	37.0
98-99	26.661614076789085	30.0	27.0	30.0	6.0	33.0
100-101	24.642332885759906	27.0	24.5	30.0	6.0	33.0
>>END_MODULE
>>Per sequence quality scores	pass
#Quality	Count
6	234.0
7	121.0
8	155.0
9	208.0
10	359.0
11	524.0
12	795.0
13	965.0
14	1172.0
15	1338.0
16	1525.0
17	1607.0
18	1742.0
19	1876.0
20	2121.0
21	2315.0
22	2645.0
23	2855.0
24	3261.0
25	3908.0
26	5071.0
27	6843.0
28	9133.0
29	12803.0
30	18331.0
31	27112.0
32	43331.0
33	91939.0
34	386671.0
35	30384.0
>>END_MODULE
>>Per base sequence content	fail
#Base	G	A	T	C
1	31.44767502600464	39.88074959989946	10.42926207380019	18.242313300295702
2	29.897834811774704	32.382402666336	20.29315783584008	17.426604686049217
3	25.475940615917814	25.619894695776036	24.88575913095285	24.0184055573533
4	23.82272934153286	26.98827681416036	24.692026328403436	24.496967515903343
5	23.28742681569652	28.936831664005418	25.207909953065272	22.567831567232787
6	24.23413533652683	26.056636183287367	22.970798858082933	26.73842962210287
7	23.77249963710263	25.558559539362268	26.153106401509653	24.51583442202545
8	22.513699375816522	25.23815140078386	26.20587772777858	26.042271495621037
9	23.810150239512264	24.853933807519233	25.679525330236608	25.65639062273189
10-11	24.552048555668456	26.259783108336965	24.93241036434896	24.255757971645618
12-13	24.03087354065893	25.383877957429053	26.184597100143193	24.400651401768826
14-15	23.813660491993037	25.235188759629263	26.099960609710273	24.851190138667427
16-17	24.104094401988686	25.55651992463808	25.76692543343686	24.572460239936373
18-19	24.250433783308697	25.19504182842972	25.59279938608794	24.961725002173644
20-21	24.275612417014386	25.288639863790564	25.705372999594	24.730374719601052
22-23	24.258667590040268	25.511119041102724	25.624146622856824	24.606066746000185
24-25	24.392600522572216	25.25289410654667	25.589179005177336	24.76532636570378
26-27	24.26391862955032	25.34297535658549	25.658654834924207	24.73445117893998
28-29	24.39239636197818	25.45034774763738	25.606431497458725	24.550824392925716
30-31	24.31910602154327	25.46418315788996	25.48966965118293	24.72704116938384
32-33	24.450107377272314	25.39994253047397	25.51851123680469	24.631438855449016
34-35	24.419905962987105	25.56497068337898	25.475062346025357	24.54006100760856
36-37	24.4710354881051	25.23930427103307	25.508398710403274	24.781261530458558
38-39	24.42594851097066	25.29796086870063	25.587094247349672	24.688996372979034
40-41	24.533751288152175	25.456306407456047	25.411169101586157	24.59877320280562
42-43	24.490519589119188	25.383745318012252	25.437199744144586	24.688535348723974
44-45	24.431014393912474	25.29183644305456	25.550952575018542	24.726196588014425
46-47	24.509931421399244	25.516834647693504	25.518800517174896	24.454433413732353
48-49	24.532426211956704	25.290797022770782	25.374497569886557	24.80227919538596
50-51	24.504623863506605	25.314679074607206	25.564607423439117	24.61608963844707
52-53	24.45575692681595	25.472292358100564	25.490970052925178	24.58098066215831
54-55	24.515245615189134	25.266581832286512	25.5204800930305	24.697692459493854
56-57	24.557601749329333	25.31748936157343	25.473171808698865	24.651737080398377
58-59	24.590540790901493	25.431350975298976	25.450709497396808	24.527398736402716
60-61	24.50503716711627	25.415440556436614	25.370064079148673	24.709458197298435
62-63	24.567248760029976	25.319662344006517	25.48708381887326	24.626005077090255
64-65	24.536041161815685	25.429443098175163	25.487738028179663	24.546777711829485
66-67	24.689629203398635	25.28054162813575	25.423071368459414	24.6067578000062
68-69	24.572530005323525	25.420966824759233	25.47397522141025	24.532527948506992
70-71	24.655637487512962	25.511146266819225	25.357256019679802	24.47596022598802
72-73	24.61980866424901	25.452252263151685	25.36983210484449	24.558106967754814
74-75	24.624963142734018	25.344190160811088	25.425389552949717	24.605457143505184
76-77	24.644966857524782	25.53569686902466	25.356583092839003	24.462753180611557
78-79	24.59895514376224	25.441115319769857	25.338368602901706	24.621560933566194
80-81	24.701851266612334	25.467579774727028	25.35424772164015	24.476321237020493
82-83	24.824406080501777	25.589761192269485	25.289985135946363	24.295847591282378
84-85	24.708710189132336	25.42315468566408	25.38345912415713	24.484676001046452
86-87	24.816786967414753	25.517858210327425	25.249763724235724	24.415591098022094
88-89	24.882884111328273	25.580049391694317	25.334151477963125	24.202915019014288
90-91	24.857830163431817	25.47957917273493	25.287997689195247	24.374592974638006
92-93	24.901198638433957	25.569338114158345	25.123255644926836	24.406207602480862
94-95	24.96490695708698	25.707782218061926	25.147731305718484	24.179579519132613
96-97	25.061376298636123	25.68358539088805	24.962371272634996	24.292667037840825
98-99	25.19677277483735	25.653937730326515	24.92326240919638	24.22602708563976
100-101	25.634548898994623	25.733208551209884	24.64780094222618	23.984441607569305
>>END_MODULE
>>Per sequence GC content	warn
#GC Content	Count
0	0.0
1	0.0
2	0.0
3	0.0
4	0.0
5	0.0
6	0.0
7	1.5
8	1.5
9	1.0
10	1.5
11	2.0
12	4.5
13	6.0
14	7.5
15	11.5
16	16.5
17	23.0
18	54.0
19	108.0
20	181.0
21	335.0
22	508.0
23	729.5
24	1011.5
25	1432.0
26	2159.5
27	3027.0
28	3928.5
29	4995.0
30	6215.5
31	7673.5
32	9272.5
33	10704.0
34	11968.0
35	13347.5
36	14859.5
37	16247.5
38	17227.0
39	17939.0
40	18527.5
41	18845.5
42	19118.5
43	19739.0
44	20186.5
45	20144.0
46	20112.0
47	19960.0
48	19552.5
49	18967.0
50	18173.5
51	17594.0
52	17301.5
53	16762.5
54	16322.5
55	16380.0
56	16676.0
57	16791.0
58	16653.5
59	16609.0
60	16398.5
61	16014.5
62	15753.5
63	15491.5
64	14764.0
65	13449.0
66	12215.0
67	11192.5
68	9909.5
69	8129.0
70	6366.0
71	4745.0
72	3312.0
73	2231.0
74	1339.5
75	742.0
76	410.5
77	208.0
78	96.0
79	50.0
80	37.0
81	24.5
82	19.0
83	12.0
84	7.5
85	4.5
86	1.5
87	3.0
88	2.0
89	0.5
90	0.0
91	0.0
92	0.0
93	0.0
94	0.0
95	0.0
96	0.0
97	0.0
98	0.0
99	0.0
100	0.0
>>END_MODULE
>>Per base N content	pass
#Base	N-Count
1	0.13381840615473944
2	0.009374848792761407
3	0.0033265592490443704
4	7.560361929646296E-4
5	0.0
6	0.0
7	0.0
8	0.0
9	0.0
10-11	0.0
12-13	1.5120723859292592E-4
14-15	0.0020412977210045
16-17	3.0241447718585185E-4
18-19	0.001738883243818648
20-21	0.0014364687666327963
22-23	1.5120723859292592E-4
24-25	0.0
26-27	0.010886921178690665
28-29	0.02426876179416461
30-31	0.031677916485217984
32-33	0.018749697585522813
34-35	0.017388832438186484
36-37	0.007862776406832148
38-39	0.008694416219093242
40-41	0.004309406299898389
42-43	0.004989838873566556
44-45	0.008694416219093242
46-47	0.008921227076982629
48-49	0.008770019838389704
50-51	0.023361518362607053
52-53	0.019278922920598053
54-55	0.008392001741907388
56-57	0.009374848792761407
58-59	0.02063978806793439
60-61	0.031526709246625054
62-63	0.02094220254512024
64-65	0.007787172787535684
66-67	0.011869768229544685
68-69	0.01935452653989452
70-71	0.023966347316978758
72-73	0.01481830938210674
74-75	0.0013608651473363332
76-77	0.004914235254270092
78-79	0.0013608651473363332
80-81	0.001965694101708037
82-83	0.0025705230560797406
84-85	0.009223641554168481
86-87	0.08611252237867131
88-89	0.19868631151110466
90-91	0.2772384719601297
92-93	0.14032031741423526
94-95	0.09079994677505202
96-97	0.19301604006386994
98-99	0.2954589442105773
100-101	0.15014878792277545
>>END_MODULE
>>Sequence Length Distribution	pass
#Length	Count
101	661344.0
>>END_MODULE
>>Sequence Duplication Levels	pass
#Total Deduplicated Percentage	83.24604045807077
#Duplication Level	Percentage of total
1	72.07017652672933
2	15.947539308457523
3	5.990629163722776
4	2.6845946885151575
5	1.3675326956979774
6	0.6925999895040076
7	0.4139497275908317
8	0.2760195858639566
9	0.16943213754893996
>10	0.3875261763694978
>50	0.0
>100	0.0
>500	0.0
>1k	0.0
>5k	0.0
>10k+	0.0
>>END_MODULE
>>Overrepresented sequences	pass
>>END_MODULE
>>Adapter Content	pass
#Position	Illumina Universal Adapter	Illumina Small RNA 3' Adapter	Illumina Small RNA 5' Adapter	Nextera Transposase Sequence	PolyA	PolyG
1	0.0	0.0	0.0	0.0	0.023890743697682296	0.0
2	0.0	0.0	0.0	0.0	0.02600764503798326	0.0
3	0.0	0.0	0.0	0.0	0.029485411525620554	0.0
4	0.0	0.0	0.0	0.0	0.032660763536072	1.5120723859292592E-4
5	0.0	0.0	0.0	0.0	0.035080079353558814	3.0241447718585185E-4
6	0.0	0.0	0.0	0.0	0.03870905307978904	3.0241447718585185E-4
7	0.0	0.0	0.0	0.0	0.042035612328833405	3.0241447718585185E-4
8	0.0	0.0	0.0	0.0	0.04521096433928485	3.0241447718585185E-4
9	0.0	0.0	0.0	0.0	0.04853752358832922	4.5362171577877775E-4
10-11	0.0	0.0	0.0	0.0	0.05390538055837809	4.5362171577877775E-4
12-13	0.0	0.0	0.0	0.0	0.05957565200561281	6.048289543717037E-4
14-15	0.0	0.0	0.0	0.0	0.06486790535636522	7.560361929646296E-4
16-17	0.0	0.0	0.0	0.0	0.07016015870711763	7.560361929646296E-4
18-19	0.0	0.0	0.0	0.0	0.07545241205787004	9.072434315575555E-4
20-21	0.0	0.0	0.0	7.560361929646296E-5	0.07893017854550734	9.072434315575555E-4
22-23	0.0	0.0	0.0	1.5120723859292592E-4	0.08263475589103401	9.072434315575555E-4
24-25	0.0	0.0	0.0	1.5120723859292592E-4	0.08611252237867131	0.0010584506701504814
26-27	0.0	0.0	0.0	1.5120723859292592E-4	0.08974149610490154	0.0011340542894469445
28-29	0.0	0.0	0.0	1.5120723859292592E-4	0.09337046983113176	0.0012852615280398703
30-31	1.5120723859292592E-4	0.0	0.0	1.5120723859292592E-4	0.09601659650650796	0.001965694101708037
32-33	3.0241447718585185E-4	0.0	0.0	1.5120723859292592E-4	0.09836030870469831	0.0023437121981903517
34-35	3.0241447718585185E-4	0.0	0.0	1.5120723859292592E-4	0.10168686795374268	0.002721730294672667
36-37	3.0241447718585185E-4	0.0	0.0	1.5120723859292592E-4	0.10493782358349059	0.0029485411525620557
38-39	3.0241447718585185E-4	0.0	0.0	1.5120723859292592E-4	0.10826438283253495	0.003704577345526685
40-41	3.0241447718585185E-4	0.0	0.0	1.5120723859292592E-4	0.1114397348429864	0.0042338026806019256
42-43	3.0241447718585185E-4	0.0	0.0	1.5120723859292592E-4	0.11499310494992016	0.005216649731455945
44-45	3.0241447718585185E-4	0.0	0.0	1.5120723859292592E-4	0.11884888953403977	0.006804325736681666
46-47	3.0241447718585185E-4	0.0	0.0	1.5120723859292592E-4	0.12202424154449121	0.00839200174190739
48-49	3.0241447718585185E-4	0.0	0.0	1.5120723859292592E-4	0.1251239899356462	0.009374848792761407
50-51	7.560361929646296E-4	0.0	0.0	1.5120723859292592E-4	0.12966020709343395	0.009904074127836648
52-53	0.0010584506701504814	0.0	0.0	1.5120723859292592E-4	0.1355572893985581	0.010584506701504813
54-55	0.001663279624522185	0.0	0.0	1.5120723859292592E-4	0.1396398848405671	0.011794164610248223
56-57	0.001965694101708037	0.0	0.0	1.5120723859292592E-4	0.14379808390187254	0.012928218899695166
58-59	0.0025705230560797406	0.0	0.0	1.5120723859292592E-4	0.14621739971935938	0.013533047854066869
60-61	0.0042338026806019256	0.0	0.0	1.5120723859292592E-4	0.14977076982629312	0.014440291285624424
62-63	0.005292253350752407	0.0	0.0	1.5120723859292592E-4	0.15264370735955873	0.015574345575071369
64-65	0.008467605361203851	0.0	0.0	1.5120723859292592E-4	0.15544104127352787	0.016405985387332463
66-67	0.013759858711956258	0.0	0.0	1.5120723859292592E-4	0.16088450186287317	0.017237625199593556
68-69	0.018522886727633428	0.0	0.0	1.5120723859292592E-4	0.16496709730488218	0.017842454153965258
70-71	0.030468258576474574	0.0	0.0	1.5120723859292592E-4	0.1694277108433735	0.018749697585522813
72-73	0.04906674892340446	0.0	0.0	1.5120723859292592E-4	0.1733590990467896	0.01965694101708037
74-75	0.08089587264721537	0.0	0.0	1.5120723859292592E-4	0.17774410896598442	0.020790995306527314
76-77	0.1169587990516282	0.0	0.0	1.5120723859292592E-4	0.1831119659360333	0.021849445976677796
78-79	0.17230064837663908	0.0	0.0	1.5120723859292592E-4	0.18590929985000243	0.02321031112401413
80-81	0.25130643054144286	0.0	0.0	1.5120723859292592E-4	0.1904455170077902	0.024646779890646925
82-83	0.36841643683166403	0.0	0.0	1.5120723859292592E-4	0.19437690521120626	0.026158852276576182
84-85	0.510173223012532	0.0	0.0	1.5120723859292592E-4	0.1977790680795471	0.02812454637828422
86-87	0.6963093337204238	0.0	0.0	1.5120723859292592E-4	0.20042519475492332	0.029712222383509942
88-89	0.9301513282043838	0.0	0.0	1.5120723859292592E-4	0.2039029612425606	0.03190472734310737
90	1.1419170658537765	0.0	0.0	1.5120723859292592E-4	0.20670029515652974	0.03371921420622248
>>END_MODULE
